area_code,area_name,area_km2,total_stores_2025q4,study_room_stores,absolute_count,density,industry_lq,expected_log_count,residual_log_count,ranking_evidence_eligible,proxy_warning
3130094,청량리청과물시장,0.0282753973136889,272,0.0,0.0,0.0,0.0,0.4891003881261572,-0.4891003881261572,False,official_study_room_industry_not_unique_verified_study_poi
3130090,청량리종합시장,0.0243305360505593,182,0.0,0.0,0.0,0.0,0.37516421450850657,-0.37516421450850657,False,official_study_room_industry_not_unique_verified_study_poi
3130093,동서시장,0.0045758472473069,67,0.0,0.0,0.0,0.0,0.12037674983671015,-0.12037674983671015,False,official_study_room_industry_not_unique_verified_study_poi
3130088,경동시장,0.0213064841161416,391,0.0,0.0,0.0,0.0,0.5273609980795764,-0.5273609980795764,False,official_study_room_industry_not_unique_verified_study_poi
3130092,청량리농수산물시장,0.0324519232349238,253,0.0,0.0,0.0,0.0,0.4940541259186406,-0.4940541259186406,False,official_study_room_industry_not_unique_verified_study_poi
3130087,경동광성상가(경동시장),0.0209598230898152,157,0.0,0.0,0.0,0.0,0.3187907517092692,-0.3187907517092692,False,official_study_room_industry_not_unique_verified_study_poi
3130086,서울약령시장,0.1651877462166154,580,0.0,0.0,0.0,0.0,0.933383594828298,-0.933383594828298,False,official_study_room_industry_not_unique_verified_study_poi
3120063,청량리역(청량리),0.3166915961977297,1010,2.0,2.0,6.315292303340058,0.42788440266735295,1.1596608937707653,-0.06104860510265553,False,official_study_room_industry_not_unique_verified_study_poi
3130089,청량리수산시장,0.030304937375497,114,0.0,0.0,0.0,0.0,0.30379545729115054,-0.30379545729115054,False,official_study_room_industry_not_unique_verified_study_poi
3120069,상봉역,0.2056699497566519,774,3.0,3.0,14.58647704027541,0.8375256718876481,1.0326157224277652,0.35367863869212535,True,official_study_room_industry_not_unique_verified_study_poi
3130067,왕십리도선동상점가,0.0866292233445056,483,1.0,1.0,11.543448750812614,0.4473739613809798,0.7921260359195921,-0.09897885535964679,False,official_study_room_industry_not_unique_verified_study_poi
3130072,성동용답상가시장,0.1179751034526193,302,1.0,1.0,8.476364679787004,0.7155020640629577,0.7337027986218048,-0.04055561806185948,False,official_study_room_industry_not_unique_verified_study_poi
3130091,청량종합도매시장,0.0456436571204841,139,0.0,0.0,0.0,0.0,0.41174903623728965,-0.41174903623728965,False,official_study_room_industry_not_unique_verified_study_poi
3130095,청량리전통시장,0.0308655026619541,183,0.0,0.0,0.0,0.0,0.41320007305120066,-0.41320007305120066,False,official_study_room_industry_not_unique_verified_study_poi
3110249,중화역 1번,0.1701860947449378,268,1.0,1.0,5.875920717839641,0.8062747139813926,0.763394498792971,-0.07024731823302577,False,official_study_room_industry_not_unique_verified_study_poi
3130106,중랑동부시장,0.0504293862988218,253,2.0,2.0,39.65941580468384,1.7081551252728318,0.5622406943244057,0.5363715943437041,False,official_study_room_industry_not_unique_verified_study_poi
3130159,공릉동 도깨비시장,0.0576753461820069,229,0.0,0.0,0.0,0.0,0.5605025438875099,-0.5605025438875099,False,official_study_room_industry_not_unique_verified_study_poi
3120086,태릉입구역,0.072424068844499,321,0.0,0.0,0.0,0.0,0.6720176258021456,-0.6720176258021456,False,official_study_room_industry_not_unique_verified_study_poi
3110262,상봉역 3번,0.1218817002563496,320,0.0,0.0,0.0,0.0,0.7518268499158511,-0.7518268499158511,False,official_study_room_industry_not_unique_verified_study_poi
3110429,공릉동 국수거리,0.1604306807970157,438,1.0,1.0,6.233221694454106,0.49333703960505304,0.8653189230735057,-0.17217174251356038,False,official_study_room_industry_not_unique_verified_study_poi
3110241,먹골역 5번,0.0990002730364318,308,5.0,5.0,50.50491121534599,3.5078185608281367,0.7110250082736044,1.0807344609544507,True,official_study_room_industry_not_unique_verified_study_poi
3110187,제기동역 6번,0.159859909703987,329,0.0,0.0,0.0,0.0,0.8000539540055165,-0.8000539540055165,False,official_study_room_industry_not_unique_verified_study_poi
3110237,메가박스 상봉,0.1243144554495554,285,1.0,1.0,8.044116803502247,0.7581811345509236,0.7287067187875478,-0.035559538227602494,False,official_study_room_industry_not_unique_verified_study_poi
3110204,간데메공원,0.1224606929465254,222,2.0,2.0,16.331771051412677,1.9466812914145337,0.6699648071485277,0.4286474815195821,False,official_study_room_industry_not_unique_verified_study_poi
3110244,중화역 4번,0.0630174620019212,171,0.0,0.0,0.0,0.0,0.5083169474796262,-0.5083169474796262,False,official_study_room_industry_not_unique_verified_study_poi
3110255,상봉역 4번,0.1910985933563762,315,2.0,2.0,10.465801787824976,1.3719468149016714,0.817834246158488,0.2807780425096218,False,official_study_room_industry_not_unique_verified_study_poi
3130097,답십리 건축자재시장,0.0519033314137548,61,0.0,0.0,0.0,0.0,0.2469455769359175,-0.2469455769359175,False,official_study_room_industry_not_unique_verified_study_poi
3110122,마장역 2번,0.0802735686412854,196,0.0,0.0,0.0,0.0,0.5765256644988427,-0.5765256644988427,False,official_study_room_industry_not_unique_verified_study_poi
3110218,답십리사거리,0.082097654773404,203,2.0,2.0,24.36123182227504,2.1288829886405245,0.5879182269382056,0.5106940617299042,False,official_study_room_industry_not_unique_verified_study_poi
3110256,면목2동체육관,0.2216910333220373,291,0.0,0.0,0.0,0.0,0.8228939726318136,-0.8228939726318136,False,official_study_room_industry_not_unique_verified_study_poi
3110252,장안제일시장,0.1214508709386858,216,2.0,2.0,16.46756408202042,2.000755771731604,0.6624997346081714,0.43611255405993843,False,official_study_room_industry_not_unique_verified_study_poi
3110195,동대문구청,0.1152955773631362,229,1.0,1.0,8.67335957606066,0.9435878748777871,0.6676468309062731,0.025500349653672205,False,official_study_room_industry_not_unique_verified_study_poi
3110240,태릉시장 특화거리,0.0455012034941063,136,0.0,0.0,0.0,0.0,0.40635394737721686,-0.40635394737721686,False,official_study_room_industry_not_unique_verified_study_poi
3130068,마장축산물시장,0.2181374413035573,1233,0.0,0.0,0.0,0.0,1.147188939789832,-1.147188939789832,False,official_study_room_industry_not_unique_verified_study_poi
3130100,답십리시장,0.0221723589394752,111,0.0,0.0,0.0,0.0,0.24946896912410527,-0.24946896912410527,False,official_study_room_industry_not_unique_verified_study_poi
3110260,면목역 3번,0.0658904349752958,168,2.0,2.0,30.35341928991449,2.5724002779406336,0.5112232479469653,0.5873890407211445,False,official_study_room_industry_not_unique_verified_study_poi
3110189,제기동역 1번,0.0884322982105113,82,0.0,0.0,0.0,0.0,0.39551119229999065,-0.39551119229999065,False,official_study_room_industry_not_unique_verified_study_poi
3130099,전농로터리시장,0.0217924858442396,103,3.0,3.0,137.662129113783,6.2936395149615505,0.22999247783363153,1.156301883286259,True,official_study_room_industry_not_unique_verified_study_poi
3110233,중랑역 1번,0.1242350532725703,147,0.0,0.0,0.0,0.0,0.5792349776540788,-0.5792349776540788,False,official_study_room_industry_not_unique_verified_study_poi
3110265,망우역 1번,0.1647188495382376,146,0.0,0.0,0.0,0.0,0.6213284070929,-0.6213284070929,False,official_study_room_industry_not_unique_verified_study_poi
3110212,답십리초등학교,0.0809199521336077,230,2.0,2.0,24.715783280466862,1.8789706378001152,0.6138667028739321,0.4847455857941777,False,official_study_room_industry_not_unique_verified_study_poi
3110216,전농중학교,0.0650193474167504,146,1.0,1.0,15.380037477004548,1.480011118815159,0.47754184898966534,0.21560533157027995,False,official_study_room_industry_not_unique_verified_study_poi
3110199,홍릉시장,0.0698235332546062,154,0.0,0.0,0.0,0.0,0.500584255496866,-0.500584255496866,False,official_study_room_industry_not_unique_verified_study_poi
3110211,전곡마을마당공원,0.1263069266231812,174,1.0,1.0,7.917222172489069,1.241848410040306,0.6197893371569165,0.07335784340302876,False,official_study_room_industry_not_unique_verified_study_poi
3110236,신묵초등학교,0.1805116211631253,299,2.0,2.0,11.079619068916532,1.4453620290770115,0.7972367326267691,0.3013755560413407,False,official_study_room_industry_not_unique_verified_study_poi
3130109,묵1동도깨비시장,0.0289776024907963,93,0.0,0.0,0.0,0.0,0.25114796186944327,-0.25114796186944327,False,official_study_room_industry_not_unique_verified_study_poi
3110192,동의보감타워,0.0332060218425174,107,0.0,0.0,0.0,0.0,0.30369709107987297,-0.30369709107987297,False,official_study_room_industry_not_unique_verified_study_poi
3110123,마장역 3번,0.1694240348071145,142,1.0,1.0,5.902350284234925,1.5217015728662904,0.6194296482457315,0.07371753231421374,False,official_study_room_industry_not_unique_verified_study_poi
3110263,면목역 1번,0.1519865431379663,163,0.0,0.0,0.0,0.0,0.63369767463046,-0.63369767463046,False,official_study_room_industry_not_unique_verified_study_poi
3130105,장미제일시장(중화동제일시장),0.0268460980631689,74,0.0,0.0,0.0,0.0,0.1881299179392113,-0.1881299179392113,False,official_study_room_industry_not_unique_verified_study_poi
3110234,중랑역 4번,0.0583766765967101,88,0.0,0.0,0.0,0.0,0.34709366605731384,-0.34709366605731384,False,official_study_room_industry_not_unique_verified_study_poi
3110206,텃골근린공원,0.1005464312689159,169,2.0,2.0,19.891307675067164,2.5571789745208666,0.5779341495019076,0.5206781391662022,False,official_study_room_industry_not_unique_verified_study_poi
3110251,장안중학교,0.0904868492452987,164,0.0,0.0,0.0,0.0,0.5548592899106765,-0.5548592899106765,False,official_study_room_industry_not_unique_verified_study_poi
3110246,월드순복음교회,0.087285940276567,178,1.0,1.0,11.456598815702538,1.2139417041967036,0.5677542890379431,0.12539289152200217,False,official_study_room_industry_not_unique_verified_study_poi
3110245,KB국민은행 중화동지점,0.0623260539079282,52,0.0,0.0,0.0,0.0,0.23968931106740854,-0.23968931106740854,False,official_study_room_industry_not_unique_verified_study_poi
3110250,화랑대역 7번,0.0393363979829653,79,2.0,2.0,50.8434961652082,5.470420844228183,0.26185708329399016,0.8367552053741196,False,official_study_room_industry_not_unique_verified_study_poi
3110239,중랑역 2번,0.0103604971954484,29,0.0,0.0,0.0,0.0,-0.06516847075255924,0.06516847075255924,False,official_study_room_industry_not_unique_verified_study_poi
3110133,서울교통공사,0.0801261612688167,73,0.0,0.0,0.0,0.0,0.3542296223882747,-0.3542296223882747,False,official_study_room_industry_not_unique_verified_study_poi
3110257,상봉역 7번,0.1142403749816361,133,0.0,0.0,0.0,0.0,0.5437297076518404,-0.5437297076518404,False,official_study_room_industry_not_unique_verified_study_poi
3130107,중랑동부시장(중랑교종합상가),0.0078805293906763,42,0.0,0.0,0.0,0.0,0.016459225708315955,-0.016459225708315955,False,official_study_room_industry_not_unique_verified_study_poi
3110434,태릉입구역 4번,0.0380609456748704,96,1.0,1.0,26.273650910892798,2.2508502431980544,0.30044809770706704,0.39269908285287825,False,official_study_room_industry_not_unique_verified_study_poi
3110130,답십리역 6번,0.0430325570349778,49,0.0,0.0,0.0,0.0,0.16917916683230255,-0.16917916683230255,False,official_study_room_industry_not_unique_verified_study_poi
3110202,전농1동주민센터(전농시장),0.0297984669198958,51,0.0,0.0,0.0,0.0,0.12122607134604613,-0.12122607134604613,False,official_study_room_industry_not_unique_verified_study_poi
3110238,배꽃어린이공원,0.029151456515923,27,0.0,0.0,0.0,0.0,-0.022531658008804162,0.022531658008804162,False,official_study_room_industry_not_unique_verified_study_poi
3110201,전농119안전센터,0.0241304875105393,39,0.0,0.0,0.0,0.0,0.029101913209717778,-0.029101913209717778,False,official_study_room_industry_not_unique_verified_study_poi
3130108,태능엔터피아(태릉시장),0.0044393713977066,38,0.0,0.0,0.0,0.0,-0.0056795043708074144,0.0056795043708074144,False,official_study_room_industry_not_unique_verified_study_poi
3110198,동대문중앙새마을금고본점,0.0161275408825244,36,0.0,0.0,0.0,0.0,-0.01761604343370335,0.01761604343370335,False,official_study_room_industry_not_unique_verified_study_poi
3110209,답십리 장령당공원,0.0279511850314422,50,0.0,0.0,0.0,0.0,0.10692386426336858,-0.10692386426336858,False,official_study_room_industry_not_unique_verified_study_poi
3110119,마장지하차도,0.0225066080388566,81,0.0,0.0,0.0,0.0,0.18108992402398338,-0.18108992402398338,False,official_study_room_industry_not_unique_verified_study_poi
3110235,세화어린이공원,0.0326056392163437,24,0.0,0.0,0.0,0.0,-0.030906535716194172,0.030906535716194172,False,official_study_room_industry_not_unique_verified_study_poi
3001493,동대문패션타운 관광특구,0.6056013616241605,12590,2.0,2.0,3.3025024822206577,0.03432591316076461,1.8317936198318312,-0.7331813311637214,False,official_study_room_industry_not_unique_verified_study_poi
3130111,"동원전통종합시장(동원시장, 동원전통시장 상점가)",0.0907801376975038,428,0.0,0.0,0.0,0.0,0.7720143032360476,-0.7720143032360476,False,official_study_room_industry_not_unique_verified_study_poi
3130066,행당시장상점가,0.0809461304154074,308,0.0,0.0,0.0,0.0,0.6798812922534457,-0.6798812922534457,False,official_study_room_industry_not_unique_verified_study_poi
3120065,회기역,0.1271055173477748,348,1.0,1.0,7.86747909033633,0.620924205020153,0.7772809945339476,-0.08413381397400232,False,official_study_room_industry_not_unique_verified_study_poi
3110219,삼육보건대학교,0.1793076543769617,254,2.0,2.0,11.154013513530014,1.7014301050945924,0.759351731523724,0.33926055714438574,False,official_study_room_industry_not_unique_verified_study_poi
3110264,면목역 2번,0.216780647979813,322,0.0,0.0,0.0,0.0,0.842307195727203,-0.842307195727203,False,official_study_room_industry_not_unique_verified_study_poi
3110243,중랑노인종합복지관,0.1282032958632375,278,0.0,0.0,0.0,0.0,0.7278527493512498,-0.7278527493512498,False,official_study_room_industry_not_unique_verified_study_poi
3130065,무학봉상점가,0.0692855578450274,198,2.0,2.0,28.8660445582822,2.182642660070841,0.5560460341399451,0.5425662545281646,False,official_study_room_industry_not_unique_verified_study_poi
3110227,답십리공원,0.0554153254727985,119,0.0,0.0,0.0,0.0,0.40680385003211406,-0.40680385003211406,False,official_study_room_industry_not_unique_verified_study_poi
3110224,외대앞역 2번,0.0457347555159795,87,0.0,0.0,0.0,0.0,0.30677992854621694,-0.30677992854621694,False,official_study_room_industry_not_unique_verified_study_poi
3110125,사근동살곶이상점가,0.1288246237584656,112,2.0,2.0,15.524982271633235,3.8586004169109502,0.5236658554123075,0.5749464332558023,False,official_study_room_industry_not_unique_verified_study_poi
3130101,답십리현대시장,0.0183295141235589,93,0.0,0.0,0.0,0.0,0.1937928401841486,-0.1937928401841486,False,official_study_room_industry_not_unique_verified_study_poi
3110258,면동초등학교,0.1113461098410158,167,0.0,0.0,0.0,0.0,0.5910321537160255,-0.5910321537160255,False,official_study_room_industry_not_unique_verified_study_poi
3110055,황학동벼룩시장,0.0275546367472384,93,0.0,0.0,0.0,0.0,0.2433592955213471,-0.2433592955213471,False,official_study_room_industry_not_unique_verified_study_poi
3130096,동부시장,0.0066119141768,25,0.0,0.0,0.0,0.0,-0.09761542496645978,0.09761542496645978,False,official_study_room_industry_not_unique_verified_study_poi
3110222,회기역 2번,0.0103257161537975,26,0.0,0.0,0.0,0.0,-0.08905811207491673,0.08905811207491673,False,official_study_room_industry_not_unique_verified_study_poi
3130103,이경시장,0.0116132411115624,22,0.0,0.0,0.0,0.0,-0.12541450588199052,0.12541450588199052,False,official_study_room_industry_not_unique_verified_study_poi
3001494,종로·청계 관광특구,0.6526362010529243,4244,11.0,11.0,16.85471934019789,0.5600607579682247,1.5968406542027724,0.8880659955852279,True,official_study_room_industry_not_unique_verified_study_poi
3120066,장한평역(장한평),0.4497304430328177,1609,0.0,0.0,0.0,0.0,1.3194130656180438,-1.3194130656180438,False,official_study_room_industry_not_unique_verified_study_poi
3120062,신설동역,0.2716938298011346,830,4.0,4.0,14.722454326356203,1.0413572209494615,1.091499049187657,0.5179388632464432,True,official_study_room_industry_not_unique_verified_study_poi
3110226,장안1동주민센터,0.2856420191430507,665,0.0,0.0,0.0,0.0,1.0490559610447145,-1.0490559610447145,False,official_study_room_industry_not_unique_verified_study_poi
3110228,장안근린공원,0.1778013246829036,293,0.0,0.0,0.0,0.0,0.7903158259778762,-0.7903158259778762,False,official_study_room_industry_not_unique_verified_study_poi
3110247,먹골역 1번,0.148325610470121,231,3.0,3.0,20.22577214070746,2.8062548486625096,0.7085763500885462,0.6777180110313443,True,official_study_room_industry_not_unique_verified_study_poi
3110194,홍파초등학교,0.0878787070532103,132,0.0,0.0,0.0,0.0,0.5014505512977447,-0.5014505512977447,False,official_study_room_industry_not_unique_verified_study_poi
3110035,동묘앞역 2번,0.0957061763834788,118,0.0,0.0,0.0,0.0,0.4894294309475764,-0.4894294309475764,False,official_study_room_industry_not_unique_verified_study_poi
3110037,신설동역 12번,0.0551897450961715,98,0.0,0.0,0.0,0.0,0.3625541282550804,-0.3625541282550804,False,official_study_room_industry_not_unique_verified_study_poi
3110181,신설동역 9번,0.1416400257823609,171,1.0,1.0,7.060151214153017,1.2636352242515394,0.6335912922674787,0.05955588829246661,False,official_study_room_industry_not_unique_verified_study_poi
3110200,동대문경찰서,0.0353300631972771,33,0.0,0.0,0.0,0.0,0.051226292960511344,-0.051226292960511344,False,official_study_room_industry_not_unique_verified_study_poi
3110184,용두사거리,0.0243606419787138,42,0.0,0.0,0.0,0.0,0.0469683990555122,-0.0469683990555122,False,official_study_room_industry_not_unique_verified_study_poi
3110183,한국의류시험연구원,0.0434081178254476,86,0.0,0.0,0.0,0.0,0.29611223795194297,-0.29611223795194297,False,official_study_room_industry_not_unique_verified_study_poi
3110217,자동차부품상가,0.0566057280156147,421,0.0,0.0,0.0,0.0,0.6952224757419708,-0.6952224757419708,False,official_study_room_industry_not_unique_verified_study_poi
3110036,동묘앞역 3번,0.0184168413733316,47,0.0,0.0,0.0,0.0,0.041401035411895715,-0.041401035411895715,False,official_study_room_industry_not_unique_verified_study_poi
3110185,용두초등학교,0.0288250296487112,31,0.0,0.0,0.0,0.0,0.0060036471197712216,-0.0060036471197712216,False,official_study_room_industry_not_unique_verified_study_poi
3130021,신설종합시장,0.009792121275826,9,0.0,0.0,0.0,0.0,-0.31426988568727043,0.31426988568727043,False,official_study_room_industry_not_unique_verified_study_poi
3120037,동대문역사문화공원역,0.3703586806534191,2144,2.0,2.0,5.400170441452663,0.20156867849534815,1.3544306984448304,-0.25581840977672066,False,official_study_room_industry_not_unique_verified_study_poi
3120068,사가정역,0.0356845193240033,217,1.0,1.0,28.023356316511933,0.9957678495254066,0.47408736781562566,0.21905981274431963,False,official_study_room_industry_not_unique_verified_study_poi
3130327,"평화시장(남평화시장, 제일평화시장, 신평화패션타운)",0.0361856336225233,2576,0.0,0.0,0.0,0.0,1.036271085076292,-1.036271085076292,False,official_study_room_industry_not_unique_verified_study_poi
3130112,사가정시장,0.0590683087295724,292,0.0,0.0,0.0,0.0,0.6190867081377864,-0.6190867081377864,False,official_study_room_industry_not_unique_verified_study_poi
3130110,면목골목시장(면목시장),0.0600069250299442,250,0.0,0.0,0.0,0.0,0.5864439253229905,-0.5864439253229905,False,official_study_room_industry_not_unique_verified_study_poi
3110220,외대앞역 1번,0.0985497248085467,333,5.0,5.0,50.73580884891904,3.2444688190242226,0.7279598953517349,1.0637995738763202,True,official_study_room_industry_not_unique_verified_study_poi
3110259,사가정역 1번,0.0862321141327754,220,0.0,0.0,0.0,0.0,0.6136673424913387,-0.6136673424913387,False,official_study_room_industry_not_unique_verified_study_poi
3110254,오거리공원,0.1654879295624417,312,0.0,0.0,0.0,0.0,0.7934137963108827,-0.7934137963108827,False,official_study_room_industry_not_unique_verified_study_poi
3130054,황학동주방가구거리상점가,0.0728288823367212,199,1.0,1.0,13.730816235467449,1.0858373032513229,0.5648975855711686,0.12824959498877664,False,official_study_room_industry_not_unique_verified_study_poi
3110188,용두동신동아아파트,0.1524014500740438,196,0.0,0.0,0.0,0.0,0.6756896119311953,-0.6756896119311953,False,official_study_room_industry_not_unique_verified_study_poi
3110210,서울시립대,0.1108858612695521,138,2.0,2.0,18.036564599865496,3.1316177296668584,0.5474261172803863,0.5511861713877235,False,official_study_room_industry_not_unique_verified_study_poi
3110261,사가정역 4번,0.1094184543333116,148,1.0,1.0,9.13922615790011,1.4600109685609004,0.5611177501228276,0.13202943043711768,False,official_study_room_industry_not_unique_verified_study_poi
3110190,고대앞사거리,0.1013390382282828,84,0.0,0.0,0.0,0.0,0.421983240822703,-0.421983240822703,False,official_study_room_industry_not_unique_verified_study_poi
3110266,면목동우체국,0.1139593166580966,163,0.0,0.0,0.0,0.0,0.5891565788286419,-0.5891565788286419,False,official_study_room_industry_not_unique_verified_study_poi
3130050,청평화시장,0.014428724535415,2483,0.0,0.0,0.0,0.0,0.9362207276002601,-0.9362207276002601,False,official_study_room_industry_not_unique_verified_study_poi
3110106,금북초등학교,0.0213500891145584,34,0.0,0.0,0.0,0.0,-0.020111587272900883,0.020111587272900883,False,official_study_room_industry_not_unique_verified_study_poi
3110117,성동구보건소,0.0496976196374309,88,0.0,0.0,0.0,0.0,0.32219595365976417,-0.32219595365976417,False,official_study_room_industry_not_unique_verified_study_poi
3110207,시립대앞사거리,0.0293050178236987,69,1.0,1.0,34.12384889222996,3.1316177296668584,0.18604251144636175,0.5071046691135835,False,official_study_room_industry_not_unique_verified_study_poi
3110215,회기역 1번,0.0514387853945348,64,2.0,2.0,38.881166898868756,6.752550729594164,0.2562691041923656,0.8423431844757442,False,official_study_room_industry_not_unique_verified_study_poi
3110108,성동구립금호도서관,0.0117689041751077,24,0.0,0.0,0.0,0.0,-0.10650840317360807,0.10650840317360807,False,official_study_room_industry_not_unique_verified_study_poi
3110116,청계천박물관,0.0980083077263874,224,0.0,0.0,0.0,0.0,0.637535500768296,-0.637535500768296,False,official_study_room_industry_not_unique_verified_study_poi
3130038,"평화시장(통일상가, 동화상가)",0.1335097899513563,2127,0.0,0.0,0.0,0.0,1.1948037081162006,-1.1948037081162006,False,official_study_room_industry_not_unique_verified_study_poi
3130019,동대문상가D동,0.0084879798893274,56,0.0,0.0,0.0,0.0,0.08036668562251043,-0.08036668562251043,False,official_study_room_industry_not_unique_verified_study_poi
3120067,장안동사거리,0.2194195724861226,987,9.0,9.0,41.01730715280294,1.9703491490609109,1.0976831317215285,1.2049019612725174,True,official_study_room_industry_not_unique_verified_study_poi
3120039,신당역,0.1988254682002035,2716,1.0,1.0,5.02953675428074,0.0795587714827,1.3118101029932856,-0.6186629224333403,False,official_study_room_industry_not_unique_verified_study_poi
3130052,서울중앙시장(신중앙시장),0.0699493456019377,473,0.0,0.0,0.0,0.0,0.7543107601296917,-0.7543107601296917,False,official_study_room_industry_not_unique_verified_study_poi
3120049,왕십리역(왕십리),0.1935775786423285,643,1.0,1.0,5.165887532087023,0.3360522913639397,0.9812582944336325,-0.28811111387368726,False,official_study_room_industry_not_unique_verified_study_poi
3130053,백학시장,0.0421803698751961,218,0.0,0.0,0.0,0.0,0.5009939933881435,-0.5009939933881435,False,official_study_room_industry_not_unique_verified_study_poi
3120016,동대문역,0.0587433646189142,282,0.0,0.0,0.0,0.0,0.6103596492278435,-0.6103596492278435,False,official_study_room_industry_not_unique_verified_study_poi
3110158,중곡3동주민센터,0.1666707615233718,267,2.0,2.0,11.999705177560765,1.618588938928938,0.7593214532895252,0.3392908353785846,False,official_study_room_industry_not_unique_verified_study_poi
3110056,신당역 3번,0.1295093803868188,268,0.0,0.0,0.0,0.0,0.7211444577493321,-0.7211444577493321,False,official_study_room_industry_not_unique_verified_study_poi
3130055,"황학시장(서울중앙시장, 신중앙시장)",0.0396792500789066,178,0.0,0.0,0.0,0.0,0.44580809688158873,-0.44580809688158873,False,official_study_room_industry_not_unique_verified_study_poi
3110112,행당역 2번,0.0685392407341243,111,2.0,2.0,29.180364103511877,3.8933625828290674,0.42403822614787967,0.6745740625202301,False,official_study_room_industry_not_unique_verified_study_poi
3110161,중곡역 3번,0.141791898842042,276,1.0,1.0,7.052589098295474,0.7829044324167146,0.7418047891555986,-0.04865760859565327,False,official_study_room_industry_not_unique_verified_study_poi
3130051,동화동 골목형상점가,0.0601605655295025,231,1.0,1.0,16.622184169954387,0.9354182828875032,0.5689913511252255,0.12415582943471981,False,official_study_room_industry_not_unique_verified_study_poi
3110053,청구역 1번,0.0854851663367102,170,0.0,0.0,0.0,0.0,0.5541625324367092,-0.5541625324367092,False,official_study_room_industry_not_unique_verified_study_poi
3130020,동묘시장(동묘벼룩시장),0.0311898393773041,142,0.0,0.0,0.0,0.0,0.3576573974173457,-0.3576573974173457,False,official_study_room_industry_not_unique_verified_study_poi
3110114,왕십리파출소,0.027037049861497,50,1.0,1.0,36.986283826183374,4.321632466940264,0.10178042340773974,0.5913667571522055,False,official_study_room_industry_not_unique_verified_study_poi
3110253,중곡초등학교,0.0864370227763887,174,0.0,0.0,0.0,0.0,0.5611181938410897,-0.5611181938410897,False,official_study_room_industry_not_unique_verified_study_poi
3130098,회기시장,0.0321870102270408,141,1.0,1.0,31.0684339100214,1.5324937826029308,0.3609341895188769,0.3322129910410684,False,official_study_room_industry_not_unique_verified_study_poi
3110248,먹골파출소,0.0376145896753708,44,1.0,1.0,26.585428915492805,4.910945985159392,0.12447458731384853,0.5686725932460968,False,official_study_room_industry_not_unique_verified_study_poi
3130049,신당 미래유산 먹거리 골목형상점가,0.0101885456738884,51,0.0,0.0,0.0,0.0,0.059550069372598935,-0.059550069372598935,False,official_study_room_industry_not_unique_verified_study_poi
3110051,한양공고앞 교차로,0.0448588178291834,70,0.0,0.0,0.0,0.0,0.25511689404254406,-0.25511689404254406,False,official_study_room_industry_not_unique_verified_study_poi
3110182,용두희망어린이공원,0.059073173023431,101,0.0,0.0,0.0,0.0,0.3798414611200728,-0.3798414611200728,False,official_study_room_industry_not_unique_verified_study_poi
3110309,대광초등학교,0.0726227201352281,91,0.0,0.0,0.0,0.0,0.3883874942538935,-0.3883874942538935,False,official_study_room_industry_not_unique_verified_study_poi
3110213,청량초등학교,0.0354284410966298,40,0.0,0.0,0.0,0.0,0.09410511245369052,-0.09410511245369052,False,official_study_room_industry_not_unique_verified_study_poi
3130035,방산종합시장(방산시장),0.0996520631933882,432,1.0,1.0,10.034915163365618,0.500188942932901,0.7885419667977709,-0.0953947862378256,False,official_study_room_industry_not_unique_verified_study_poi
3110137,성수초등학교,0.3307299607080388,640,0.0,0.0,0.0,0.0,1.0630515794275814,-1.0630515794275814,False,official_study_room_industry_not_unique_verified_study_poi
3130018,동대문문구완구거리(동대문문구완구시장),0.038556638992328,152,0.0,0.0,0.0,0.0,0.40578201883492426,-0.40578201883492426,False,official_study_room_industry_not_unique_verified_study_poi
3120017,동묘앞역(동묘),0.0711442824066116,488,0.0,0.0,0.0,0.0,0.7639950604395978,-0.7639950604395978,False,official_study_room_industry_not_unique_verified_study_poi
3130046,team204(팀204),0.0042183685905987,119,0.0,0.0,0.0,0.0,0.24916251792555805,-0.24916251792555805,False,official_study_room_industry_not_unique_verified_study_poi
3110136,경수초등학교,0.2604293531536957,529,1.0,1.0,3.839812939249737,0.4084718777826337,0.9829713242797384,-0.28982414371979315,False,official_study_room_industry_not_unique_verified_study_poi
3110052,장충초등학교,0.0688411659575551,165,0.0,0.0,0.0,0.0,0.5139385479321,-0.5139385479321,False,official_study_room_industry_not_unique_verified_study_poi
3130015,창신골목시장,0.024569814065431,138,1.0,1.0,40.70034870174172,1.5658088648334292,0.3143212231253052,0.3788259574346401,False,official_study_room_industry_not_unique_verified_study_poi
3110054,청구역 3번,0.0691030147736126,209,2.0,2.0,28.94229733032881,2.067766730593428,0.5678372872307476,0.5307750014373622,False,official_study_room_industry_not_unique_verified_study_poi
3110049,장충단 고개,0.0706392592506431,152,2.0,2.0,28.312867677498925,2.8431792545659635,0.49943615405109165,0.5991761346170181,False,official_study_room_industry_not_unique_verified_study_poi
3110048,장충동주민센터,0.1355043246488274,123,0.0,0.0,0.0,0.0,0.5525482378787325,-0.5525482378787325,False,official_study_room_industry_not_unique_verified_study_poi
3130104,전곡시장,0.0264276808055001,71,0.0,0.0,0.0,0.0,0.1764440197404631,-0.1764440197404631,False,official_study_room_industry_not_unique_verified_study_poi
3130063,신금호역 골목형상점가,0.0150121890060124,110,1.0,1.0,50.0,1.9643783940637567,0.23148537150100784,0.46166180905893744,False,official_study_room_industry_not_unique_verified_study_poi
3110267,망우역 2번,0.1255853213860271,213,3.0,3.0,23.88814207656108,3.0434031457325808,0.6645212892241324,0.7217730718957581,True,official_study_room_industry_not_unique_verified_study_poi
3110029,동대문역 1번,0.1531144593227146,134,0.0,0.0,0.0,0.0,0.590719288217562,-0.590719288217562,False,official_study_room_industry_not_unique_verified_study_poi
3130128,돌곶이시장(석관황금시장),0.0481382816014447,97,0.0,0.0,0.0,0.0,0.3391070584765703,-0.3391070584765703,False,official_study_room_industry_not_unique_verified_study_poi
3110225,촬영소사거리,0.0547640913030407,132,0.0,0.0,0.0,0.0,0.4282973431093414,-0.4282973431093414,False,official_study_room_industry_not_unique_verified_study_poi
3110334,석관중앙교회,0.0842111560775704,132,0.0,0.0,0.0,0.0,0.49485638746887217,-0.49485638746887217,False,official_study_room_industry_not_unique_verified_study_poi
3110104,신금호역 4번,0.0667876536686037,86,0.0,0.0,0.0,0.0,0.3627608549163196,-0.3627608549163196,False,official_study_room_industry_not_unique_verified_study_poi
3110030,동대문역 3번,0.0091540688494183,39,0.0,0.0,0.0,0.0,6.110299084685633e-05,-6.110299084685633e-05,False,official_study_room_industry_not_unique_verified_study_poi
3110242,면목5동주민센터,0.1049296200184363,125,1.0,1.0,9.530197477359572,1.728652986776106,0.5166215735265637,0.1765256070333816,False,official_study_room_industry_not_unique_verified_study_poi
3110033,창신역 4번,0.0778103394612388,83,1.0,1.0,12.85176246401225,2.6033930523736535,0.3784329802877612,0.3147142002721841,False,official_study_room_industry_not_unique_verified_study_poi
3110203,떡전교사거리,0.0461444204305949,87,0.0,0.0,0.0,0.0,0.3081593203977677,-0.3081593203977677,False,official_study_room_industry_not_unique_verified_study_poi
3110336,석관고등학교,0.0625065033659377,61,0.0,0.0,0.0,0.0,0.27569926710572557,-0.27569926710572557,False,official_study_room_industry_not_unique_verified_study_poi
3110034,창신1동주민센터,0.0295812148359314,76,0.0,0.0,0.0,0.0,0.2091043677621724,-0.2091043677621724,False,official_study_room_industry_not_unique_verified_study_poi
3110032,수족관거리,0.0093157695304199,20,0.0,0.0,0.0,0.0,-0.14604161783396616,0.14604161783396616,False,official_study_room_industry_not_unique_verified_study_poi
3130017,동대문상가C동,0.0068910471175774,164,0.0,0.0,0.0,0.0,0.32136931538368263,-0.32136931538368263,False,official_study_room_industry_not_unique_verified_study_poi
3120053,건대입구역(건대),0.2748718649144815,1545,5.0,5.0,18.19029387222154,0.6992932794401723,1.2340584467176818,0.5577010225103731,True,official_study_room_industry_not_unique_verified_study_poi
3130010,종로신진시장,0.0450834910565771,272,0.0,0.0,0.0,0.0,0.5612638142087732,-0.5612638142087732,False,official_study_room_industry_not_unique_verified_study_poi
3130048,동평화시장,0.0086260833999182,748,0.0,0.0,0.0,0.0,0.6643829587195028,-0.6643829587195028,False,official_study_room_industry_not_unique_verified_study_poi
3110140,건대입구역 6번,0.1796089177476753,392,2.0,2.0,11.135304555477097,1.1024572619745572,0.8576877121023248,0.24092457656578503,False,official_study_room_industry_not_unique_verified_study_poi
3110115,상왕십리역 3번,0.0808166434626446,179,2.0,2.0,24.74737769732355,2.414319813933109,0.5571058720677298,0.54150641660038,False,official_study_room_industry_not_unique_verified_study_poi
3110141,건대입구역 1번,0.0674066913657297,143,0.0,0.0,0.0,0.0,0.47844437791479033,-0.47844437791479033,False,official_study_room_industry_not_unique_verified_study_poi
3130047,테크노상가(엘리시움),0.0101673269254052,849,0.0,0.0,0.0,0.0,0.6930652092030934,-0.6930652092030934,False,official_study_room_industry_not_unique_verified_study_poi
3130078,화양제일골목시장,0.0186014209039275,94,0.0,0.0,0.0,0.0,0.19619224754052017,-0.19619224754052017,False,official_study_room_industry_not_unique_verified_study_poi
3110057,황학코아루아파트,0.0302074367686059,101,0.0,0.0,0.0,0.0,0.2760971895356443,-0.2760971895356443,False,official_study_room_industry_not_unique_verified_study_poi
3130012,"동대문종합시장(동대문종합시장 신관, 동대문종합시장D동상가)",0.039325351701663,319,0.0,0.0,0.0,0.0,0.5761446283929419,-0.5761446283929419,False,official_study_room_industry_not_unique_verified_study_poi
3130079,한아름시장,0.0110311529122781,39,0.0,0.0,0.0,0.0,6.110299084685633e-05,-6.110299084685633e-05,False,official_study_room_industry_not_unique_verified_study_poi
3130077,조양시장,0.0053244142195222,22,0.0,0.0,0.0,0.0,-0.12541450588199052,0.12541450588199052,False,official_study_room_industry_not_unique_verified_study_poi
3120052,성수역,0.2987112480533986,1526,5.0,5.0,16.738572894671123,0.7080000764974221,1.2441199359356303,0.5476395332924247,True,official_study_room_industry_not_unique_verified_study_poi
3110131,성수동카페거리,0.1317646576062157,569,0.0,0.0,0.0,0.0,0.8940810683171647,-0.8940810683171647,False,official_study_room_industry_not_unique_verified_study_poi
3120051,뚝섬역,0.2179968678909574,864,1.0,1.0,4.587221870087613,0.2500944714664505,1.0665308523276633,-0.37338367176771803,False,official_study_room_industry_not_unique_verified_study_poi
3110335,석계역 7번,0.1406534298754752,258,2.0,2.0,14.219347525123714,1.6750513437752963,0.7253231403109901,0.3732891483571197,False,official_study_room_industry_not_unique_verified_study_poi
3110421,석계역 1번,0.0697402351552099,178,3.0,3.0,43.01677494094149,3.6418251125901104,0.5330415284945661,0.8532528326253245,True,official_study_room_industry_not_unique_verified_study_poi
3110205,경희대삼거리,0.0887479958423762,249,0.0,0.0,0.0,0.0,0.6460726192471677,-0.6460726192471677,False,official_study_room_industry_not_unique_verified_study_poi
3110333,돌곶이역 5번,0.0673215730799951,153,1.0,1.0,14.854079520865419,1.4122981918105442,0.49347221887807113,0.19967496168187415,False,official_study_room_industry_not_unique_verified_study_poi
3110423,석계역 2번,0.0581203162103828,140,1.0,1.0,17.205687532397782,1.5434401667643802,0.45074215279252006,0.24240502776742523,False,official_study_room_industry_not_unique_verified_study_poi
3110110,상왕십리역 6번,0.0519023206987068,112,0.0,0.0,0.0,0.0,0.38304515635162817,-0.38304515635162817,False,official_study_room_industry_not_unique_verified_study_poi
3110132,성수2가3동주민센터,0.0763918799902144,146,1.0,1.0,13.09039652025971,1.480011118815159,0.5024754680131741,0.19067171254677118,False,official_study_room_industry_not_unique_verified_study_poi
3130127,석관시장,0.0078727163766235,13,0.0,0.0,0.0,0.0,-0.23797753842961863,0.23797753842961863,False,official_study_room_industry_not_unique_verified_study_poi
3110208,시조사삼거리,0.0421905349934292,37,0.0,0.0,0.0,0.0,0.10389613656038488,-0.10389613656038488,False,official_study_room_industry_not_unique_verified_study_poi
3130071,성수역 골목형상점가,0.0106508423574354,62,0.0,0.0,0.0,0.0,0.10305979710074503,-0.10305979710074503,False,official_study_room_industry_not_unique_verified_study_poi
3130085,용두시장,0.0055228006390463,7,0.0,0.0,0.0,0.0,-0.3648658738618741,0.3648658738618741,False,official_study_room_industry_not_unique_verified_study_poi
3130036,중부시장(신중부시장),0.0921733713359783,650,1.0,1.0,10.84912036422028,0.33243326668771267,0.8689335640560052,-0.1757863834960599,False,official_study_room_industry_not_unique_verified_study_poi
3130007,광장시장(광장전통시장),0.0663227165100925,580,1.0,1.0,15.077790124109699,0.3725545230120918,0.7922274224009953,-0.09908024184105002,False,official_study_room_industry_not_unique_verified_study_poi
3120011,종로4가,0.1159012569743261,663,0.0,0.0,0.0,0.0,0.9088496820708463,-0.9088496820708463,False,official_study_room_industry_not_unique_verified_study_poi
3130014,동문시장,0.0081708192072541,143,0.0,0.0,0.0,0.0,0.2905024503466068,-0.2905024503466068,False,official_study_room_industry_not_unique_verified_study_poi
3130016,동대문상가B동,0.004837369084511,87,0.0,0.0,0.0,0.0,0.17883740661342656,-0.17883740661342656,False,official_study_room_industry_not_unique_verified_study_poi
3120036,장충동족발거리(남소영길),0.0881355433632804,119,1.0,1.0,11.34616026451624,1.8158119608992709,0.4785798956745012,0.21456728488544408,False,official_study_room_industry_not_unique_verified_study_poi
3110045,동대문역사문화공원역 5번,0.044786511600874,117,0.0,0.0,0.0,0.0,0.37005331603843594,-0.37005331603843594,False,official_study_room_industry_not_unique_verified_study_poi
3130013,동대문상가A동,0.0044826289851538,80,0.0,0.0,0.0,0.0,0.16004330285979446,-0.16004330285979446,False,official_study_room_industry_not_unique_verified_study_poi
3110331,돌곶이역 8번,0.1058503330281174,170,0.0,0.0,0.0,0.0,0.5872157419519548,-0.5872157419519548,False,official_study_room_industry_not_unique_verified_study_poi
3110332,돌곶이역 3번,0.034401595839042,47,0.0,0.0,0.0,0.0,0.12529665918852428,-0.12529665918852428,False,official_study_room_industry_not_unique_verified_study_poi
3110221,의릉,0.0470940757816898,43,0.0,0.0,0.0,0.0,0.15414490204833586,-0.15414490204833586,False,official_study_room_industry_not_unique_verified_study_poi
3110433,공릉역 2번,0.0952362582563559,213,2.0,2.0,21.00040506228649,2.0289354304883873,0.6217321082073287,0.47688018046078107,False,official_study_room_industry_not_unique_verified_study_poi
3120009,종로3가역,0.4012185177336677,4123,6.0,6.0,14.954444360872825,0.3144530051132863,1.515028195537116,0.43088195351819714,True,official_study_room_industry_not_unique_verified_study_poi
3120031,을지로3가역,0.2545827169630655,1192,4.0,4.0,15.711985667040839,0.7251061186141383,1.16342600596364,0.4460119064704602,True,official_study_room_industry_not_unique_verified_study_poi
3120033,을지로4가역,0.0854633490698267,239,0.0,0.0,0.0,0.0,0.6309829613288382,-0.6309829613288382,False,official_study_room_industry_not_unique_verified_study_poi
3110232,동대부고,0.1044546095658428,245,1.0,1.0,9.573536334647363,0.881965809579646,0.6676213119350766,0.02552586862486872,False,official_study_room_industry_not_unique_verified_study_poi
3130033,대림상가(청계상가),0.010996772890784,202,0.0,0.0,0.0,0.0,0.3683639518202996,-0.3683639518202996,False,official_study_room_industry_not_unique_verified_study_poi
3120035,퇴계로5가,0.0489142758214046,169,0.0,0.0,0.0,0.0,0.46647713011648295,-0.46647713011648295,False,official_study_room_industry_not_unique_verified_study_poi
3130005,세운상가가동,0.0170969405191279,267,0.0,0.0,0.0,0.0,0.431348538122183,-0.431348538122183,False,official_study_room_industry_not_unique_verified_study_poi
3110418,광운대학교 남단,0.0881990979511676,76,0.0,0.0,0.0,0.0,0.37808912738584055,-0.37808912738584055,False,official_study_room_industry_not_unique_verified_study_poi
3110044,관성묘,0.0295525606367088,33,0.0,0.0,0.0,0.0,0.023605467211197106,-0.023605467211197106,False,official_study_room_industry_not_unique_verified_study_poi
3110111,대현산장미원,0.0194703855450163,14,0.0,0.0,0.0,0.0,-0.22233396509161793,0.22233396509161793,False,official_study_room_industry_not_unique_verified_study_poi
3110231,장안교,0.0082497529832747,11,0.0,0.0,0.0,0.0,-0.27292995326622155,0.27292995326622155,False,official_study_room_industry_not_unique_verified_study_poi
3120064,경희대학교(경희대),0.0485297167267939,330,6.0,6.0,123.63558670202005,3.9287567881275134,0.6163388559247339,1.3295712931305794,True,official_study_room_industry_not_unique_verified_study_poi
3130069,"한양대앞상점가(한양시장, 왕십리맛골목)",0.0232255264300394,190,1.0,1.0,43.05607466044866,1.1372717018263854,0.37767617047708135,0.31547101008286393,False,official_study_room_industry_not_unique_verified_study_poi
3120015,종로6가,0.053899167436495,179,0.0,0.0,0.0,0.0,0.4944486800982053,-0.4944486800982053,False,official_study_room_industry_not_unique_verified_study_poi
3110118,왕십리역 9번,0.0635269927882922,158,1.0,1.0,15.741340115572045,1.3676052110570458,0.4917429102114247,0.2014042703485206,False,official_study_room_industry_not_unique_verified_study_poi
3110330,돌곶이역 1번,0.0724206543103963,112,0.0,0.0,0.0,0.0,0.4345744615373345,-0.4345744615373345,False,official_study_room_industry_not_unique_verified_study_poi
3130102,이문제일시장,0.0072857337906479,25,0.0,0.0,0.0,0.0,-0.09761542496645978,0.09761542496645978,False,official_study_room_industry_not_unique_verified_study_poi
3110196,홍릉근린공원,0.0372856784161125,28,0.0,0.0,0.0,0.0,0.023493228844796377,-0.023493228844796377,False,official_study_room_industry_not_unique_verified_study_poi
3130070,뚝섬역상점가,0.0561236815485681,350,3.0,3.0,53.453371504217365,1.8521282001172563,0.6521293917240129,0.7341649693958777,True,official_study_room_industry_not_unique_verified_study_poi
3120038,약수역,0.1367339337511763,542,0.0,0.0,0.0,0.0,0.8888042521207116,-0.8888042521207116,False,official_study_room_industry_not_unique_verified_study_poi
3110028,이화달팽이길,0.1590039666466332,171,1.0,1.0,6.289151277731186,1.2636352242515394,0.6514789082776624,0.04166827228228287,False,official_study_room_industry_not_unique_verified_study_poi
3110124,뚝섬역교차로,0.0795354395863287,203,0.0,0.0,0.0,0.0,0.5830137263145884,-0.5830137263145884,False,official_study_room_industry_not_unique_verified_study_poi
3110129,성원어린이공원,0.0706389164911968,214,0.0,0.0,0.0,0.0,0.5765730150205927,-0.5765730150205927,False,official_study_room_industry_not_unique_verified_study_poi
3110126,서울숲역 1번,0.0185164297625411,55,0.0,0.0,0.0,0.0,0.07635345024849888,-0.07635345024849888,False,official_study_room_industry_not_unique_verified_study_poi
3110105,금동어린이공원,0.0689572793789091,113,0.0,0.0,0.0,0.0,0.4289920489319544,-0.4289920489319544,False,official_study_room_industry_not_unique_verified_study_poi
3130083,"중곡제일시장(중곡제일골목시장, 광성시장)",0.041718669353915,225,0.0,0.0,0.0,0.0,0.5064255587743791,-0.5064255587743791,False,official_study_room_industry_not_unique_verified_study_poi
3110165,국립정신건강센터,0.0956135630542434,162,4.0,4.0,41.83506891936162,5.33534872461761,0.5606187250202828,1.0488191874138175,True,official_study_room_industry_not_unique_verified_study_poi
3110191,고려대역 6번,0.079112448117574,144,0.0,0.0,0.0,0.0,0.5047823228230275,-0.5047823228230275,False,official_study_room_industry_not_unique_verified_study_poi
3110168,대원고등학교,0.0584688645314084,116,4.0,4.0,68.41247956596239,7.4510904602418355,0.40936016926431307,1.2000777431697873,True,official_study_room_industry_not_unique_verified_study_poi
3120014,종로5가역,0.1359236266809117,636,2.0,2.0,14.714145353810427,0.6795019602107335,0.9240865325172103,0.1745257561508995,False,official_study_room_industry_not_unique_verified_study_poi
3120084,공릉역,0.0809779350242889,249,3.0,3.0,37.047128938273936,2.6033930523736535,0.6318999062196775,0.7543944549002131,True,official_study_room_industry_not_unique_verified_study_poi
3120048,금호역,0.0609852935694319,284,3.0,3.0,49.19218756542498,2.2825523592994355,0.6177500174522741,0.7685443436676165,True,official_study_room_industry_not_unique_verified_study_poi
3110438,경춘선숲길 우측,0.0999946038950072,290,3.0,3.0,30.0016189188564,2.2353271380725506,0.6989622562088386,0.687332104911052,True,official_study_room_industry_not_unique_verified_study_poi
3110214,경희대후문,0.0798010251186227,81,1.0,1.0,12.531167344197884,2.667674362308805,0.37687666741671955,0.31627051314322574,False,official_study_room_industry_not_unique_verified_study_poi
3110223,군자초등학교,0.043548025769003,51,0.0,0.0,0.0,0.0,0.17991401961616071,-0.17991401961616071,False,official_study_room_industry_not_unique_verified_study_poi
3120032,충무로역,0.2363385050017294,1152,6.0,6.0,25.38731469066412,1.1254251215990272,1.1441908763984723,0.801719272656841,True,official_study_room_industry_not_unique_verified_study_poi
3130042,약수시장,0.0281513219342963,152,0.0,0.0,0.0,0.0,0.3571288999228893,-0.3571288999228893,False,official_study_room_industry_not_unique_verified_study_poi
3110142,화양사거리,0.1168029272855529,264,2.0,2.0,17.122858531708868,1.6369819950531306,0.7017741250563769,0.39683816361173285,False,official_study_room_industry_not_unique_verified_study_poi
3120034,중구청(퇴계로4가),0.0951414358719149,203,1.0,1.0,10.510667521838329,1.0644414943202622,0.6107270563405768,0.0824201242193685,False,official_study_room_industry_not_unique_verified_study_poi
3110050,약수역 7번,0.0345269828630637,44,1.0,1.0,28.962855050673443,4.910945985159392,0.11122583832114319,0.5819213422388021,False,official_study_room_industry_not_unique_verified_study_poi
3110047,다산성곽길,0.0853217773594521,51,0.0,0.0,0.0,0.0,0.2839485702506773,-0.2839485702506773,False,official_study_room_industry_not_unique_verified_study_poi
3110046,버티고개,0.0579696088157988,27,0.0,0.0,0.0,0.0,0.08379972973275701,-0.08379972973275701,False,official_study_room_industry_not_unique_verified_study_poi
3110229,장평중학교,0.2054908375517188,330,1.0,1.0,4.866397022438122,0.6547927980212522,0.8395815128476836,-0.14643433228773828,False,official_study_room_industry_not_unique_verified_study_poi
3130032,인현시장,0.0197076655676576,135,1.0,1.0,50.0,1.6006046173852833,0.2775422441757688,0.4156049363841765,False,official_study_room_industry_not_unique_verified_study_poi
3130031,청계천공구상가,0.0293194521156211,89,0.0,0.0,0.0,0.0,0.24310218820640533,-0.24310218820640533,False,official_study_room_industry_not_unique_verified_study_poi
3110026,종로5가역 4번,0.0164727950307938,31,0.0,0.0,0.0,0.0,-0.05053488518375679,0.05053488518375679,False,official_study_room_industry_not_unique_verified_study_poi
3120055,군자역,0.2884717492795102,1117,7.0,7.0,24.26580771768212,1.3541372993993668,1.1680346757754385,0.9114068659043972,True,official_study_room_industry_not_unique_verified_study_poi
3110147,능동우편취급국,0.1569084864495397,202,0.0,0.0,0.0,0.0,0.6870005562816548,-0.6870005562816548,False,official_study_room_industry_not_unique_verified_study_poi
3110156,군자역 5번,0.1535782110607594,171,1.0,1.0,6.5113403333261575,1.2636352242515394,0.646108432834318,0.04703874772562733,False,official_study_room_industry_not_unique_verified_study_poi
3110150,중곡1동 마을마당,0.1593880026837776,251,1.0,1.0,6.273997936870937,0.8608829615418854,0.7384526294448438,-0.045305448884898514,False,official_study_room_industry_not_unique_verified_study_poi
3110162,군자역 4번,0.0708905446313285,150,1.0,1.0,14.106253594193324,1.440544155646755,0.4970019440716079,0.19614523648833737,False,official_study_room_industry_not_unique_verified_study_poi
3110329,우리은행체육관,0.0885422229480156,89,0.0,0.0,0.0,0.0,0.4140624274264778,-0.4140624274264778,False,official_study_room_industry_not_unique_verified_study_poi
3110121,한양대역 4번,0.0292445831859834,51,2.0,2.0,68.38873330082467,8.473789150863263,0.11832381569347972,0.9802884729746301,False,official_study_room_industry_not_unique_verified_study_poi
3110153,중곡1동주민센터,0.0500298256656206,90,0.0,0.0,0.0,0.0,0.32826541578567126,-0.32826541578567126,False,official_study_room_industry_not_unique_verified_study_poi
3120006,종각역,0.2701237119002433,1696,7.0,7.0,25.914052308688472,0.8918463227765876,1.252493403349597,0.8269481383302388,True,official_study_room_industry_not_unique_verified_study_poi
3120008,인사동,0.1821820285401519,1215,0.0,0.0,0.0,0.0,1.1159957843639086,-1.1159957843639086,False,official_study_room_industry_not_unique_verified_study_poi
3130004,낙원시장(낙원지하시장(대일상가)),0.0086823172379084,230,0.0,0.0,0.0,0.0,0.3976616626413344,-0.3976616626413344,False,official_study_room_industry_not_unique_verified_study_poi
3110019,창덕궁,0.0409680943626428,213,0.0,0.0,0.0,0.0,0.49124645459110317,-0.49124645459110317,False,official_study_room_industry_not_unique_verified_study_poi
3110120,서울숲카페거리,0.0348254902205212,178,0.0,0.0,0.0,0.0,0.425625222695056,-0.425625222695056,False,official_study_room_industry_not_unique_verified_study_poi
3130011,충신시장,0.017920418431998,42,0.0,0.0,0.0,0.0,0.016459225708315955,-0.016459225708315955,False,official_study_room_industry_not_unique_verified_study_poi
3001492,명동 남대문 북창동 다동 무교동 관광특구,0.9828817971994296,8453,4.0,4.0,4.069665356910042,0.10225085690146136,1.816380625113737,-0.20694271267963682,True,official_study_room_industry_not_unique_verified_study_poi
3120026,을지로입구역,0.2001561183848667,758,0.0,0.0,0.0,0.0,1.0236820805757747,-1.0236820805757747,False,official_study_room_industry_not_unique_verified_study_poi
3110435,서울과학기술대,0.0178045027821793,67,1.0,1.0,50.0,3.2250988559255704,0.12037674983671015,0.5727704307232351,False,official_study_room_industry_not_unique_verified_study_poi
3110109,금호삼성래미안아파트,0.0297659252116047,169,0.0,0.0,0.0,0.0,0.3896452187299988,-0.3896452187299988,False,official_study_room_industry_not_unique_verified_study_poi
3110155,광진구청,0.0972394220594485,145,0.0,0.0,0.0,0.0,0.5382527569760986,-0.5382527569760986,False,official_study_room_industry_not_unique_verified_study_poi
3120030,중부경찰서(영화인의거리),0.1378510247876365,431,0.0,0.0,0.0,0.0,0.8382106718510605,-0.8382106718510605,False,official_study_room_industry_not_unique_verified_study_poi
3120029,을지로2가,0.0568336642298498,143,0.0,0.0,0.0,0.0,0.4520530351379577,-0.4520530351379577,False,official_study_room_industry_not_unique_verified_study_poi
3110043,충무초등학교,0.1099750700946959,195,0.0,0.0,0.0,0.0,0.624068082237307,-0.624068082237307,False,official_study_room_industry_not_unique_verified_study_poi
3130009,마전교지하쇼핑센터(구 한일상가),0.0044655641036424,22,0.0,0.0,0.0,0.0,-0.12541450588199052,0.12541450588199052,False,official_study_room_industry_not_unique_verified_study_poi
3110025,충신시장옆,0.0391542408380709,70,0.0,0.0,0.0,0.0,0.23407821191481298,-0.23407821191481298,False,official_study_room_industry_not_unique_verified_study_poi
3110031,창신역 1번,0.0328527179857973,46,2.0,2.0,60.87776362566496,9.394853189000575,0.11339695150772483,0.9852153371603849,False,official_study_room_industry_not_unique_verified_study_poi
3120023,서울시청,0.088749515728105,601,0.0,0.0,0.0,0.0,0.8453352444465738,-0.8453352444465738,False,official_study_room_industry_not_unique_verified_study_poi
3120028,명동(명동거리),0.2213490778651317,1712,3.0,3.0,13.553252757745412,0.3786477044632241,1.2238177392002836,0.162476621919607,True,official_study_room_industry_not_unique_verified_study_poi
3120022,북창동(시청역_6번),0.1084361264665277,394,0.0,0.0,0.0,0.0,0.7807823822052853,-0.7807823822052853,False,official_study_room_industry_not_unique_verified_study_poi
3120025,롯데백화점(시청광장 지하쇼핑센터),0.0752043033130028,1084,0.0,0.0,0.0,0.0,0.9532868490687949,-0.9532868490687949,False,official_study_room_industry_not_unique_verified_study_poi
3120054,어린이대공원역,0.1450910444302478,625,7.0,7.0,48.24556903210683,2.4201141814865483,0.9302327563594446,1.1492087853203912,True,official_study_room_industry_not_unique_verified_study_poi
3110167,용마초등학교,0.1542352283240312,264,1.0,1.0,6.48360307088281,0.8184909975265653,0.7447746211370789,-0.05162744057713364,False,official_study_room_industry_not_unique_verified_study_poi
3110186,종암초등학교,0.0228729815450159,67,0.0,0.0,0.0,0.0,0.14113896026397432,-0.14113896026397432,False,official_study_room_industry_not_unique_verified_study_poi
3110148,어린이대공원역 3번,0.0457219271775131,95,0.0,0.0,0.0,0.0,0.3264656578453834,-0.3264656578453834,False,official_study_room_industry_not_unique_verified_study_poi
3110144,어린이대공원역 4번,0.0427967201515514,89,1.0,1.0,23.36627658518709,2.427883408393407,0.30160495812070687,0.3915422224392384,False,official_study_room_industry_not_unique_verified_study_poi
3110193,고려대역 4번,0.0677286891250741,73,1.0,1.0,14.764791891266446,2.960022237630318,0.32822853158253906,0.3649186489774062,False,official_study_room_industry_not_unique_verified_study_poi
3110149,세종대학교,0.0459213861440778,44,0.0,0.0,0.0,0.0,0.15533990576979467,-0.15533990576979467,False,official_study_room_industry_not_unique_verified_study_poi
3120083,등나무근린공원,0.1257233662584766,573,2.0,2.0,15.907941852974007,0.7542115998150549,0.8884068673061516,0.2102054213619582,False,official_study_room_industry_not_unique_verified_study_poi
3110327,상월곡역 2번,0.1172604622754066,145,0.0,0.0,0.0,0.0,0.567212763556847,-0.567212763556847,False,official_study_room_industry_not_unique_verified_study_poi
3130125,장위전통시장,0.0588437102782146,92,0.0,0.0,0.0,0.0,0.3582945424138848,-0.3582945424138848,False,official_study_room_industry_not_unique_verified_study_poi
3110432,대진고등학교,0.0690463585837646,109,0.0,0.0,0.0,0.0,0.42109295497171706,-0.42109295497171706,False,official_study_room_industry_not_unique_verified_study_poi
3110197,세종대왕기념관교차로,0.0247519417035206,25,0.0,0.0,0.0,0.0,-0.06464135306948562,0.06464135306948562,False,official_study_room_industry_not_unique_verified_study_poi
3110427,노원 을지대학교병원,0.0306160853470997,38,0.0,0.0,0.0,0.0,0.06018355317309426,-0.06018355317309426,False,official_study_room_industry_not_unique_verified_study_poi
3110420,광운대역 1번,0.050392855330217,147,0.0,0.0,0.0,0.0,0.4396603256708833,-0.4396603256708833,False,official_study_room_industry_not_unique_verified_study_poi
3110305,보문역 5번,0.1473129338836373,168,2.0,2.0,13.576540411446851,2.5724002779406336,0.6356760537820086,0.46293623488610114,False,official_study_room_industry_not_unique_verified_study_poi
3130126,새석관시장,0.0073211567894353,22,0.0,0.0,0.0,0.0,-0.12541450588199052,0.12541450588199052,False,official_study_room_industry_not_unique_verified_study_poi
3110313,안암역 3번,0.082226772520556,253,4.0,4.0,48.645956510089626,3.4163102505456635,0.637866367553841,0.9715715448802593,True,official_study_room_industry_not_unique_verified_study_poi
3110230,장안현대홈타운1차아파트,0.079734772144026,164,0.0,0.0,0.0,0.0,0.5352920605749517,-0.5352920605749517,False,official_study_room_industry_not_unique_verified_study_poi
3130076,능동로골목시장,0.0289676954423432,131,1.0,1.0,34.521213535622216,1.6494780408168948,0.32807555577383596,0.36507162478610933,False,official_study_room_industry_not_unique_verified_study_poi
3110145,장안초등학교,0.0149446169156735,31,2.0,2.0,100.0,13.940749893355692,-0.05053488518375679,1.1491471738518666,False,official_study_room_industry_not_unique_verified_study_poi
3120010,원남동사거리,0.0990457868654798,271,1.0,1.0,10.096340608189239,0.7973491636421153,0.682177624815626,0.010969555744319237,False,official_study_room_industry_not_unique_verified_study_poi
3120013,이화사거리,0.1341823352353747,193,0.0,0.0,0.0,0.0,0.6525160864593045,-0.6525160864593045,False,official_study_room_industry_not_unique_verified_study_poi
3130064,금남시장,0.0112655286290822,111,0.0,0.0,0.0,0.0,0.23351894458755734,-0.23351894458755734,False,official_study_room_industry_not_unique_verified_study_poi
3110302,보문역 8번,0.0674811155752816,136,0.0,0.0,0.0,0.0,0.4673159844366922,-0.4673159844366922,False,official_study_room_industry_not_unique_verified_study_poi
3130074,영동교골목시장,0.0142502443567265,44,0.0,0.0,0.0,0.0,0.02676744984309315,-0.02676744984309315,False,official_study_room_industry_not_unique_verified_study_poi
3120056,구의역,0.1586119681481813,735,1.0,1.0,6.304694479711406,0.2939886031932153,0.9807198425472445,-0.28757266198729925,False,official_study_room_industry_not_unique_verified_study_poi
3120059,구삼강변맛길,0.108877415642917,373,11.0,11.0,101.0310534562693,6.3723803131826955,0.7690236984298451,1.7158829513581553,True,official_study_room_industry_not_unique_verified_study_poi
3110159,구의역 4번,0.2107335010857079,418,4.0,4.0,18.981319910654125,2.067766730593428,0.8969333996949447,0.7125045127391556,True,official_study_room_industry_not_unique_verified_study_poi
3110166,구의1동주민센터,0.1315184451548985,327,1.0,1.0,7.603496215471753,0.660800071397594,0.7684890390225845,-0.07534185846263919,False,official_study_room_industry_not_unique_verified_study_poi
3110170,동대부여고,0.1206341565886115,219,0.0,0.0,0.0,0.0,0.6645692411584904,-0.6645692411584904,False,official_study_room_industry_not_unique_verified_study_poi
3110173,구남초등학교,0.0492291862831634,85,0.0,0.0,0.0,0.0,0.3129562773149799,-0.3129562773149799,False,official_study_room_industry_not_unique_verified_study_poi
3110175,푸른동산공원,0.0960408407817767,150,1.0,1.0,10.41223704269929,1.440544155646755,0.5439693989907192,0.14917778156922612,False,official_study_room_industry_not_unique_verified_study_poi
3130082,면곡골목시장,0.0077867781361269,35,0.0,0.0,0.0,0.0,-0.023828538331510524,0.023828538331510524,False,official_study_room_industry_not_unique_verified_study_poi
3120003,광화문역,0.3942269485656003,1840,3.0,3.0,7.609829847795889,0.35230699458752157,1.3294382987730826,0.056856062346807956,True,official_study_room_industry_not_unique_verified_study_poi
3120004,종로구청,0.1239745268476526,489,0.0,0.0,0.0,0.0,0.8503640768423133,-0.8503640768423133,False,official_study_room_industry_not_unique_verified_study_poi
3110304,보문역 4번,0.0932179393642146,138,1.0,1.0,10.727548869031207,1.5658088648334292,0.5205791167222014,0.17256806383774392,False,official_study_room_industry_not_unique_verified_study_poi
3110164,아차산역 5번,0.0849842193221789,76,1.0,1.0,11.76689046479272,2.8431792545659635,0.3723455626558738,0.32080161790407147,False,official_study_room_industry_not_unique_verified_study_poi
3110127,성수1가1동주민센터,0.0387448903202353,134,0.0,0.0,0.0,0.0,0.3781556896423037,-0.3781556896423037,False,official_study_room_industry_not_unique_verified_study_poi
3120071,성북구청,0.0500016598739593,238,3.0,3.0,59.998008217371,2.7237179413489065,0.5471211836225595,0.8391731774973311,True,official_study_room_industry_not_unique_verified_study_poi
3110300,삼선동주민센터,0.1555438898187097,244,1.0,1.0,6.429053569159965,0.885580423553333,0.728288745188815,-0.03514156462886975,False,official_study_room_industry_not_unique_verified_study_poi
3110297,경동고등학교,0.1671365327862268,224,0.0,0.0,0.0,0.0,0.720099010253618,-0.720099010253618,False,official_study_room_industry_not_unique_verified_study_poi
3120057,아차산역,0.2011027079340528,525,2.0,2.0,9.945166927617185,0.8231680889410028,0.9412655174304121,0.1573467712376977,False,official_study_room_industry_not_unique_verified_study_poi
3120074,안암역,0.027596368287638,125,0.0,0.0,0.0,0.0,0.31002583748021884,-0.31002583748021884,False,official_study_room_industry_not_unique_verified_study_poi
3110312,안암역 2번,0.0850533300343751,152,4.0,4.0,47.02931676376883,5.686358509131927,0.5281596460345978,1.0812782663995026,True,official_study_room_industry_not_unique_verified_study_poi
3110174,아차산역 1번,0.1033789055819646,221,1.0,1.0,9.673153283743597,0.9777449020226844,0.6427440844584453,0.050403096101499956,False,official_study_room_industry_not_unique_verified_study_poi
3110172,광진초등학교,0.0954251727814094,141,1.0,1.0,10.479415135990392,1.5324937826029308,0.5290406947630162,0.1641064857969291,False,official_study_room_industry_not_unique_verified_study_poi
3110152,중곡어린이공원,0.0507666361216236,93,0.0,0.0,0.0,0.0,0.3378813237489031,-0.3378813237489031,False,official_study_room_industry_not_unique_verified_study_poi
3110177,동의초등학교,0.0290566815998045,42,0.0,0.0,0.0,0.0,0.0742358987622464,-0.0742358987622464,False,official_study_room_industry_not_unique_verified_study_poi
3120082,상계백병원,0.0388523839079087,156,0.0,0.0,0.0,0.0,0.41281570186478433,-0.41281570186478433,False,official_study_room_industry_not_unique_verified_study_poi
3110096,한남힐사이드아파트,0.0500307248361786,90,0.0,0.0,0.0,0.0,0.3282681958336364,-0.3282681958336364,False,official_study_room_industry_not_unique_verified_study_poi
3130156,시영2단지 무지개종합상가(중계 무지개2단지아파트상가),0.0157522024570448,46,1.0,1.0,50.0,4.697426594500287,0.03662734584508992,0.6565198347148553,False,official_study_room_industry_not_unique_verified_study_poi
3130155,시영B상가(중계 그린아파트 B 상가),0.0085098907989308,73,1.0,1.0,50.0,2.960022237630318,0.13954945090535548,0.5535977296545898,False,official_study_room_industry_not_unique_verified_study_poi
3120021,시청역_8번,0.1325897309466503,356,3.0,3.0,22.62618664794712,1.8209125562950552,0.7889539745365961,0.5973403865832945,True,official_study_room_industry_not_unique_verified_study_poi
3120020,시청역_1번,0.0583828117231853,216,1.0,1.0,17.128328877707588,1.000377885865802,0.5491961121101819,0.14395106844976335,False,official_study_room_industry_not_unique_verified_study_poi
3110317,종암중학교,0.0913401250897188,95,4.0,4.0,43.79236393721819,9.098173614611083,0.4335083063976497,1.1759296060364506,True,official_study_room_industry_not_unique_verified_study_poi
3001491,이태원 관광특구,0.3722855835534407,1680,5.0,5.0,13.43054961267997,0.6431000694851584,1.2999649067627184,0.4917945624653366,True,official_study_room_industry_not_unique_verified_study_poi
3120046,이태원(이태원역),0.2832161178472999,1389,5.0,5.0,17.654362463565096,0.7778316175198461,1.2145663834352918,0.5771930857927632,True,official_study_room_industry_not_unique_verified_study_poi
3110095,한강진역 3번,0.1490798112423067,279,0.0,0.0,0.0,0.0,0.7520002010972979,-0.7520002010972979,False,official_study_room_industry_not_unique_verified_study_poi
3110085,경리단길남측,0.1816939097520648,348,2.0,2.0,11.00752360235493,1.241848410040306,0.8325502041711799,0.2660620844969299,False,official_study_room_industry_not_unique_verified_study_poi
3110091,리움미술관,0.0550999931323678,94,0.0,0.0,0.0,0.0,0.352950865043664,-0.352950865043664,False,official_study_room_industry_not_unique_verified_study_poi
3110097,한남초등학교,0.0078085639358808,11,0.0,0.0,0.0,0.0,-0.27292995326622155,0.27292995326622155,False,official_study_room_industry_not_unique_verified_study_poi
3120075,월곡역,0.0944439190927174,305,2.0,2.0,21.176588384018263,1.4169286776853327,0.7015247602930739,0.3970875283750359,False,official_study_room_industry_not_unique_verified_study_poi
3110323,상월곡역 1번,0.083580684516813,175,0.0,0.0,0.0,0.0,0.5572122556037398,-0.5572122556037398,False,official_study_room_industry_not_unique_verified_study_poi
3110042,남산골공원옆,0.0725524734106466,61,1.0,1.0,13.78312761771753,3.542321694213332,0.298753166263632,0.39439401429631327,False,official_study_room_industry_not_unique_verified_study_poi
3130034,필동 골목형상점가,0.0022100880133227,10,0.0,0.0,0.0,0.0,-0.2926590764037494,0.2926590764037494,False,official_study_room_industry_not_unique_verified_study_poi
3110324,월곡역 4번,0.0265672156115569,13,0.0,0.0,0.0,0.0,-0.19405591558170512,0.19405591558170512,False,official_study_room_industry_not_unique_verified_study_poi
3130024,남대문시장(자유상가),0.0780099796691923,2406,0.0,0.0,0.0,0.0,1.1396208276030733,-1.1396208276030733,False,official_study_room_industry_not_unique_verified_study_poi
3120043,서울역,0.4351296111240818,877,5.0,5.0,11.49082910511047,1.2319362790593686,1.176824512507358,0.614934956720697,True,official_study_room_industry_not_unique_verified_study_poi
3110328,상월곡역 3번,0.0882300934697988,69,0.0,0.0,0.0,0.0,0.35653266835494535,-0.35653266835494535,False,official_study_room_industry_not_unique_verified_study_poi
3120012,대학로(혜화역),0.2566946381480262,985,7.0,7.0,27.269755420303568,1.5356054451056778,1.1214936902761512,0.9579478514036845,True,official_study_room_industry_not_unique_verified_study_poi
3110139,자양4동주민센터,0.1557416682020164,299,2.0,2.0,12.841778459735966,1.4453620290770115,0.774406036466907,0.3242062522012028,False,official_study_room_industry_not_unique_verified_study_poi
3110146,신자초등학교,0.1068033262394303,197,2.0,2.0,18.72600854692883,2.1937220644366824,0.6218433032555437,0.47676898541256607,False,official_study_room_industry_not_unique_verified_study_poi
3110024,혜회동주민센터,0.0528100522585577,92,0.0,0.0,0.0,0.0,0.34156039048589837,-0.34156039048589837,False,official_study_room_industry_not_unique_verified_study_poi
3110021,성균관대학교,0.0775971131907636,149,0.0,0.0,0.0,0.0,0.5094776501970758,-0.5094776501970758,False,official_study_room_industry_not_unique_verified_study_poi
3110143,뚝섬유원지역 1번,0.008055172250296,27,1.0,1.0,50.0,8.003023086926415,-0.08081204409055995,0.7739592246505053,False,official_study_room_industry_not_unique_verified_study_poi
3110023,서울대병원,0.0159569111051518,34,0.0,0.0,0.0,0.0,-0.030216055915956302,0.030216055915956302,False,official_study_room_industry_not_unique_verified_study_poi
3110027,혜화역 1번,0.1175846614271553,77,2.0,2.0,17.00902120842536,5.612509697325019,0.4254958539564513,0.6731164347116585,False,official_study_room_industry_not_unique_verified_study_poi
3120060,강변역(테크노마트),0.1270103610671587,1058,0.0,0.0,0.0,0.0,1.0288505450790884,-1.0288505450790884,False,official_study_room_industry_not_unique_verified_study_poi
3110169,성동초등학교,0.0754421216233291,119,1.0,1.0,13.255194558191857,1.8158119608992709,0.4545250930392607,0.2386220875206846,False,official_study_room_industry_not_unique_verified_study_poi
3110320,KB국민은행 종암동지점,0.0528668231776476,39,0.0,0.0,0.0,0.0,0.15041991868572696,-0.15041991868572696,False,official_study_room_industry_not_unique_verified_study_poi
3110417,월계역 3번,0.0298188925068326,65,0.0,0.0,0.0,0.0,0.17538982729188357,-0.17538982729188357,False,official_study_room_industry_not_unique_verified_study_poi
3120007,북촌(안국역),0.1975265453737354,554,2.0,2.0,10.125221378300553,0.7800780626245966,0.9506586050744443,0.14795368359366545,False,official_study_room_industry_not_unique_verified_study_poi
3120027,명동역(명동재미로),0.1570379254146197,826,0.0,0.0,0.0,0.0,1.0056094594171197,-1.0056094594171197,False,official_study_room_industry_not_unique_verified_study_poi
3110103,옥수터널,0.0190425348133075,37,0.0,0.0,0.0,0.0,-0.011569234973142078,0.011569234973142078,False,official_study_room_industry_not_unique_verified_study_poi
3110180,광진정보도서관,0.0746411767564544,203,3.0,3.0,40.19229238291159,3.1933244829607865,0.5731897383444913,0.8131046227753993,True,official_study_room_industry_not_unique_verified_study_poi
3110179,광나루역 1번,0.0420528916767528,103,0.0,0.0,0.0,0.0,0.33167546849786245,-0.33167546849786245,False,official_study_room_industry_not_unique_verified_study_poi
3110178,장로회신학대학교,0.0458974061392767,54,0.0,0.0,0.0,0.0,0.20075956020120833,-0.20075956020120833,False,official_study_room_industry_not_unique_verified_study_poi
3120018,중림동,0.1445748253754032,390,2.0,2.0,13.833667063451726,1.1081108889590423,0.8229669926257075,0.2756452960424023,False,official_study_room_industry_not_unique_verified_study_poi
3130081,자양골목전통시장(자양골목시장),0.0436544619176779,158,0.0,0.0,0.0,0.0,0.43371205947161706,-0.43371205947161706,False,official_study_room_industry_not_unique_verified_study_poi
3110093,우사단길,0.2345916093765286,308,1.0,1.0,4.2627270542952855,0.7015637121656274,0.8444738357655186,-0.1513266552055733,False,official_study_room_industry_not_unique_verified_study_poi
3110041,남산케이블카,0.1304626481130644,179,0.0,0.0,0.0,0.0,0.6311842733095601,-0.6311842733095601,False,official_study_room_industry_not_unique_verified_study_poi
3110082,용산구청,0.071086160561412,178,0.0,0.0,0.0,0.0,0.5359983373447684,-0.5359983373447684,False,official_study_room_industry_not_unique_verified_study_poi
3130061,이태원시장,0.0105649838933268,151,0.0,0.0,0.0,0.0,0.30276175370497527,-0.30276175370497527,False,official_study_room_industry_not_unique_verified_study_poi
3110102,옥수역 6번,0.034656027872479,147,0.0,0.0,0.0,0.0,0.38175038626407176,-0.38175038626407176,False,official_study_room_industry_not_unique_verified_study_poi
3110087,이태원엔틱가구거리,0.0525027079197418,121,0.0,0.0,0.0,0.0,0.40220016703213735,-0.40220016703213735,False,official_study_room_industry_not_unique_verified_study_poi
3110086,이태원역 북측,0.1336569525568923,42,1.0,1.0,7.481840494413045,5.144800555881267,0.31028676897817764,0.38286041158176765,False,official_study_room_industry_not_unique_verified_study_poi
3130022,숭례문수입상가(남대문시장),0.0076788681959725,167,0.0,0.0,0.0,0.0,0.32545486518320976,-0.32545486518320976,False,official_study_room_industry_not_unique_verified_study_poi
3110326,장위동성당,0.0454746270805046,27,0.0,0.0,0.0,0.0,0.046248165022895915,-0.046248165022895915,False,official_study_room_industry_not_unique_verified_study_poi
3130115,우림골목시장,0.0782492085160699,323,2.0,2.0,25.559363959435625,1.3379667080310418,0.6853879001916192,0.41322438847649057,False,official_study_room_industry_not_unique_verified_study_poi
3110318,KT월곡지사,0.0768109609564762,72,0.0,0.0,0.0,0.0,0.3446085044220668,-0.3446085044220668,False,official_study_room_industry_not_unique_verified_study_poi
3120050,서울숲역,0.0588680204784052,224,1.0,1.0,16.987151799453393,0.9646501042277376,0.5586850902043531,0.1344620903555922,False,official_study_room_industry_not_unique_verified_study_poi
3110271,신내역 1번,0.1125087528143553,36,0.0,0.0,0.0,0.0,0.24956802667156636,-0.24956802667156636,False,official_study_room_industry_not_unique_verified_study_poi
3120081,노원역,0.2674887709227367,2306,11.0,11.0,41.12322159189746,1.030744950918103,1.3206063829686434,1.164300266819357,True,official_study_room_industry_not_unique_verified_study_poi
3110268,망우3동주민센터,0.0711820170847589,87,0.0,0.0,0.0,0.0,0.3752089375431069,-0.3752089375431069,False,official_study_room_industry_not_unique_verified_study_poi
3130025,삼익패션타운(남대문시장),0.0178153965290276,586,0.0,0.0,0.0,0.0,0.6091227512370335,-0.6091227512370335,False,official_study_room_industry_not_unique_verified_study_poi
3120019,경찰청앞교차로,0.0907595904161892,108,0.0,0.0,0.0,0.0,0.46131819030040555,-0.46131819030040555,False,official_study_room_industry_not_unique_verified_study_poi
3130084,신성시장(신성골목시장),0.0161683260257604,100,0.0,0.0,0.0,0.0,0.21007874222163253,-0.21007874222163253,False,official_study_room_industry_not_unique_verified_study_poi
3110319,종암동주민센터,0.0983010849334345,232,2.0,2.0,20.345655405068204,1.8627726150604589,0.6459188117087611,0.4526934769593487,False,official_study_room_industry_not_unique_verified_study_poi
3110291,한성대입구역 3번,0.1755499776195828,233,0.0,0.0,0.0,0.0,0.7365889027087011,-0.7365889027087011,False,official_study_room_industry_not_unique_verified_study_poi
3110176,해오름공원,0.135213606968565,206,0.0,0.0,0.0,0.0,0.6684069964288522,-0.6684069964288522,False,official_study_room_industry_not_unique_verified_study_poi
3120005,삼청동,0.2514544612950112,433,2.0,2.0,7.953726450904212,0.9980675443280057,0.9322362375852582,0.16637605108285158,False,official_study_room_industry_not_unique_verified_study_poi
3120024,회현역,0.1067866043674542,244,0.0,0.0,0.0,0.0,0.6701131034734418,-0.6701131034734418,False,official_study_room_industry_not_unique_verified_study_poi
3110012,성곡미술관,0.1242549095683796,128,0.0,0.0,0.0,0.0,0.5481053938505095,-0.5481053938505095,False,official_study_room_industry_not_unique_verified_study_poi
3110315,종암아이파크2차,0.0927307599733494,176,0.0,0.0,0.0,0.0,0.5745666102433357,-0.5745666102433357,False,official_study_room_industry_not_unique_verified_study_poi
3120070,한성대입구역,0.080004360486842,344,6.0,6.0,74.99591226639198,3.768865523494417,0.7030587426438486,1.2428514064114646,True,official_study_room_industry_not_unique_verified_study_poi
3110293,삼선중학교,0.0797702621635996,201,0.0,0.0,0.0,0.0,0.5812358160598385,-0.5812358160598385,False,official_study_room_industry_not_unique_verified_study_poi
3110286,한성대입구역 5번,0.1120926744171586,131,0.0,0.0,0.0,0.0,0.5373842896034479,-0.5373842896034479,False,official_study_room_industry_not_unique_verified_study_poi
3110288,동구여중,0.0826974634482829,130,0.0,0.0,0.0,0.0,0.4886151212519406,-0.4886151212519406,False,official_study_room_industry_not_unique_verified_study_poi
3110079,후암동주민센터,0.2928218394247191,415,2.0,2.0,6.830091648659885,1.0413572209494615,0.9461902461080984,0.15242204256001135,False,official_study_room_industry_not_unique_verified_study_poi
3110274,서일대학교,0.1639716463826162,262,1.0,1.0,6.098615352477288,0.8247390204084474,0.7525257454878526,-0.059378564927907274,False,official_study_room_industry_not_unique_verified_study_poi
3110040,중구회현체육센터(정화예술대남산캠퍼스),0.0761845144048914,67,0.0,0.0,0.0,0.0,0.3272540534957441,-0.3272540534957441,False,official_study_room_industry_not_unique_verified_study_poi
3110039,회현역 1번,0.0099203638991191,20,0.0,0.0,0.0,0.0,-0.14604161783396616,0.14604161783396616,False,official_study_room_industry_not_unique_verified_study_poi
3110022,경신고등학교,0.0601364861364292,101,1.0,1.0,16.62883989815003,2.1394220133367647,0.3826009861666889,0.31054619439325637,False,official_study_room_industry_not_unique_verified_study_poi
3120002,서촌(경복궁역),0.1765049327736606,628,3.0,3.0,16.996692119913842,1.0322370542054773,0.961632736197898,0.42466162492199255,True,official_study_room_industry_not_unique_verified_study_poi
3130075,노룬산시장(노룬산골목시장),0.0108072674356225,38,0.0,0.0,0.0,0.0,-0.0056795043708074144,0.0056795043708074144,False,official_study_room_industry_not_unique_verified_study_poi
3110099,유엔빌리지길,0.2629885257731711,137,0.0,0.0,0.0,0.0,0.6793747757409021,-0.6793747757409021,False,official_study_room_industry_not_unique_verified_study_poi
3110101,옥정중학교,0.0238002575800851,59,0.0,0.0,0.0,0.0,0.1189063490859642,-0.1189063490859642,False,official_study_room_industry_not_unique_verified_study_poi
3110018,중앙고등학교,0.1667471197601167,183,1.0,1.0,5.9971050860644874,1.1807738980711107,0.674125742344213,0.019021438215732323,False,official_study_room_industry_not_unique_verified_study_poi
3110270,혜원여고,0.0356163680036124,55,0.0,0.0,0.0,0.0,0.16561694457406712,-0.16561694457406712,False,official_study_room_industry_not_unique_verified_study_poi
3110321,동덕여대,0.0087428609804823,3,0.0,0.0,0.0,0.0,-0.5220313682009328,0.5220313682009328,False,official_study_room_industry_not_unique_verified_study_poi
3110316,숭곡초등학교,0.1804815197005127,350,0.0,0.0,0.0,0.0,0.8328102611290278,-0.8328102611290278,False,official_study_room_industry_not_unique_verified_study_poi
3120209,"강남구청(청담역_8번, 강남세무서)",0.1340463186494407,542,2.0,2.0,14.920215789218505,0.7973491636421153,0.8857335517258127,0.2128787369422971,False,official_study_room_industry_not_unique_verified_study_poi
3120061,올림픽대교북단,0.0471514721990557,205,4.0,4.0,84.83298216254015,4.216226797014892,0.5043516950127599,1.1050862174213405,True,official_study_room_industry_not_unique_verified_study_poi
3120214,영동대교남단교차로,0.0890678956395079,214,0.0,0.0,0.0,0.0,0.6124313201595168,-0.6124313201595168,False,official_study_room_industry_not_unique_verified_study_poi
3120216,경기고교사거리(경기고교앞사거리),0.0716402698938749,264,1.0,1.0,13.958629713167761,0.8184909975265653,0.6261602223264646,0.06698695823348066,False,official_study_room_industry_not_unique_verified_study_poi
3110988,청담역 3번,0.0791250215947088,59,0.0,0.0,0.0,0.0,0.3047323239573648,-0.3047323239573648,False,official_study_room_industry_not_unique_verified_study_poi
3110985,청담근린공원,0.0432324972585148,57,0.0,0.0,0.0,0.0,0.20354923072596182,-0.20354923072596182,False,official_study_room_industry_not_unique_verified_study_poi
3110990,청담역 12번,0.0100996541818893,29,0.0,0.0,0.0,0.0,-0.06516847075255924,0.06516847075255924,False,official_study_room_industry_not_unique_verified_study_poi
3120072,성신여대,0.197137426561376,1177,10.0,10.0,50.726035002220335,1.835867658003511,1.1210007141553315,1.2768945586430391,True,official_study_room_industry_not_unique_verified_study_poi
3130120,돈암시장(돈암제일시장),0.0203162831648891,177,0.0,0.0,0.0,0.0,0.3409920270544625,-0.3409920270544625,False,official_study_room_industry_not_unique_verified_study_poi
3120058,구의사거리,0.0925856406376635,198,3.0,3.0,32.40243281072693,3.273963990106261,0.6008883143873248,0.7854060467325658,True,official_study_room_industry_not_unique_verified_study_poi
3110074,서울역 12번,0.1058430359479592,265,1.0,1.0,9.447952725880604,0.8154023522528802,0.6873870666590333,0.005760113900912023,False,official_study_room_industry_not_unique_verified_study_poi
3110066,서울역 15번,0.1336377162063377,219,1.0,1.0,7.482917460636577,0.9866740792101061,0.6804041682794358,0.012743012280509447,False,official_study_room_industry_not_unique_verified_study_poi
3110285,홍대부중,0.0900031822053643,95,0.0,0.0,0.0,0.0,0.4312274796915546,-0.4312274796915546,False,official_study_room_industry_not_unique_verified_study_poi
3110269,용마문화복지센터,0.0500271978814398,74,3.0,3.0,59.96738028601451,8.760065811365402,0.28441189789451304,1.1018824632253774,True,official_study_room_industry_not_unique_verified_study_poi
3110171,중곡4동주민센터,0.0478417862548132,29,0.0,0.0,0.0,0.0,0.06974112465771559,-0.06974112465771559,False,official_study_room_industry_not_unique_verified_study_poi
3120243,천호역,0.2151027499788514,1711,2.0,2.0,9.29788205960471,0.2525793376353164,1.2192575023741448,-0.12064521370603498,False,official_study_room_industry_not_unique_verified_study_poi
3130318,로데오거리상점가,0.0565202028004,433,0.0,0.0,0.0,0.0,0.7013462546732273,-0.7013462546732273,False,official_study_room_industry_not_unique_verified_study_poi
3111059,강동역 4번(강풀만화거리),0.282081034729625,529,0.0,0.0,0.0,0.0,0.9953247502130864,-0.9953247502130864,False,official_study_room_industry_not_unique_verified_study_poi
3110314,종암경찰서,0.0840304550674432,259,5.0,5.0,59.50223637355027,4.171459910174001,0.6465165617837936,1.1452429074442614,True,official_study_room_industry_not_unique_verified_study_poi
3130314,풍납시장,0.1207190686913481,201,1.0,1.0,8.283695449612674,1.0750329519751902,0.6453234288608846,0.047823751699060724,False,official_study_room_industry_not_unique_verified_study_poi
3111051,천호역 6번,0.1595231048398986,316,1.0,1.0,6.268684407839386,0.6838026055285229,0.7906147562660977,-0.09746757570615239,False,official_study_room_industry_not_unique_verified_study_poi
3111049,천호지구대(천호동자전거거리),0.110338842403215,196,0.0,0.0,0.0,0.0,0.6257327995569208,-0.6257327995569208,False,official_study_room_industry_not_unique_verified_study_poi
3111056,천호태영아파트,0.031960042383596,82,0.0,0.0,0.0,0.0,0.23808225486630774,-0.23808225486630774,False,official_study_room_industry_not_unique_verified_study_poi
3111048,천호역 1번(천호문구완구거리),0.0692109717933286,98,0.0,0.0,0.0,0.0,0.3975716544433391,-0.3975716544433391,False,official_study_room_industry_not_unique_verified_study_poi
3120227,잠실역,0.5264609141199128,2251,10.0,10.0,18.9947624444581,0.9599361321502142,1.419871174384409,0.9780240984139617,True,official_study_room_industry_not_unique_verified_study_poi
3120190,강남을지병원,0.294971646748385,1239,1.0,1.0,3.3901563456131574,0.17440001884343279,1.1949649964981013,-0.501817815938156,False,official_study_room_industry_not_unique_verified_study_poi
3110296,성신여대입구역 4번,0.0594152883932045,145,1.0,1.0,16.830684947316907,1.4902180920483672,0.4620520103040301,0.2310951702559152,False,official_study_room_industry_not_unique_verified_study_poi
3110301,성신여대입구역 7번,0.1072925400289165,125,0.0,0.0,0.0,0.0,0.5200662571141305,-0.5200662571141305,False,official_study_room_industry_not_unique_verified_study_poi
3110303,성신여대입구역 1번,0.109216544305315,139,3.0,3.0,27.46836588798759,4.663632158568631,0.546705149747941,0.8395892113719495,True,official_study_room_industry_not_unique_verified_study_poi
3120001,서대문역,0.1481814110194253,381,4.0,4.0,26.993939202506542,2.2685734734594565,0.8214982710852294,0.7879396413488708,True,official_study_room_industry_not_unique_verified_study_poi
3110539,미근동,0.0480160736232092,100,0.0,0.0,0.0,0.0,0.3455508236883037,-0.3455508236883037,False,official_study_room_industry_not_unique_verified_study_poi
3110038,경향신문사,0.0368657623837425,60,0.0,0.0,0.0,0.0,0.19034156416174802,-0.19034156416174802,False,official_study_room_industry_not_unique_verified_study_poi
3110537,충정로현대아파트,0.0527467187604055,150,0.0,0.0,0.0,0.0,0.45127210426990394,-0.45127210426990394,False,official_study_room_industry_not_unique_verified_study_poi
3110536,돈의문센트레빌아파트입구,0.021569789630713,43,0.0,0.0,0.0,0.0,0.03335999546598917,-0.03335999546598917,False,official_study_room_industry_not_unique_verified_study_poi
3110534,경기대학교,0.0717331029030941,35,0.0,0.0,0.0,0.0,0.17373592629988616,-0.17373592629988616,False,official_study_room_industry_not_unique_verified_study_poi
3111011,잠실나루역,0.0258193896573705,117,2.0,2.0,77.46116490515385,3.6937029631968077,0.2848567159533817,0.8137555727147281,False,official_study_room_industry_not_unique_verified_study_poi
3110107,금호사거리,0.0221737996311966,51,0.0,0.0,0.0,0.0,0.075510144420395,-0.075510144420395,False,official_study_room_industry_not_unique_verified_study_poi
3120073,미아사거리,0.0904345567263946,470,0.0,0.0,0.0,0.0,0.7926022910579065,-0.7926022910579065,False,official_study_room_industry_not_unique_verified_study_poi
3130154,상계주공1단지(가)상가,0.0067532905086906,54,1.0,1.0,50.0,4.001511543463208,0.07226790044897163,0.6208792801109737,False,official_study_room_industry_not_unique_verified_study_poi
3110422,노원역 9번,0.0352968479019191,100,0.0,0.0,0.0,0.0,0.29794828704029785,-0.29794828704029785,False,official_study_room_industry_not_unique_verified_study_poi
3110138,송정체육공원,0.1019957666475365,176,2.0,2.0,19.608656964277113,2.455472992579696,0.5892972551598399,0.5093150335082699,False,official_study_room_industry_not_unique_verified_study_poi
3130002,세종마을음식문화거리(금천교시장),0.0495198489582525,238,0.0,0.0,0.0,0.0,0.5456234444968132,-0.5456234444968132,False,official_study_room_industry_not_unique_verified_study_poi
3110008,배화여자대학교(박노수미술관),0.1491530845267322,315,0.0,0.0,0.0,0.0,0.7795012319727925,-0.7795012319727925,False,official_study_room_industry_not_unique_verified_study_poi
3110015,청와대사랑채,0.0693471471155256,22,0.0,0.0,0.0,0.0,0.06691744135976746,-0.06691744135976746,False,official_study_room_industry_not_unique_verified_study_poi
3110013,체부동홍종문가옥,0.0170516277786817,37,0.0,0.0,0.0,0.0,-0.011569234973142078,0.011569234973142078,False,official_study_room_industry_not_unique_verified_study_poi
3130059,후암시장,0.033265147764549,115,0.0,0.0,0.0,0.0,0.32017501146843463,-0.32017501146843463,False,official_study_room_industry_not_unique_verified_study_poi
3110067,배문고등학교,0.2047835179977709,180,1.0,1.0,4.883205493182733,1.2004534630389625,0.7021819218119917,-0.009034741252046397,False,official_study_room_industry_not_unique_verified_study_poi
3110075,숙대입구역 1번,0.1288085942556467,154,0.0,0.0,0.0,0.0,0.5953054980790011,-0.5953054980790011,False,official_study_room_industry_not_unique_verified_study_poi
3110092,NH농협은행 보광동지점,0.1050736326129043,89,1.0,1.0,9.517135509001028,2.427883408393407,0.4405413785081449,0.2526058020518004,False,official_study_room_industry_not_unique_verified_study_poi
3120078,미아사거리역,0.0941069382615871,513,0.0,0.0,0.0,0.0,0.8185688474974366,-0.8185688474974366,False,official_study_room_industry_not_unique_verified_study_poi
3110424,상계초등학교,0.075853369542824,200,3.0,3.0,39.549989909232856,3.2412243502051985,0.5723224540999873,0.8139719070199033,True,official_study_room_industry_not_unique_verified_study_poi
3120079,창동역,0.0960234584028343,499,4.0,4.0,41.65648755556521,1.7321172212185427,0.8154258605865998,0.7940120518475005,True,official_study_room_industry_not_unique_verified_study_poi
3130153,창동역상점가,0.0336021646911002,233,2.0,2.0,59.51997492976147,1.8547778828069805,0.4808460459223154,0.6177662427457944,False,official_study_room_industry_not_unique_verified_study_poi
3110409,창동역 2번,0.0775833600105044,235,1.0,1.0,12.889361840794274,0.9194962695617585,0.6122088605550685,0.08093832000487677,False,official_study_room_industry_not_unique_verified_study_poi
3120193,도산공원교차로,0.1848828842036462,558,1.0,1.0,5.408829510137414,0.3872430525932137,0.9420545630284181,-0.24890738246847277,False,official_study_room_industry_not_unique_verified_study_poi
3110325,장곡초등학교,0.104605748965104,157,1.0,1.0,9.559704030546117,1.3763160722739698,0.5674580605299042,0.12568912003004107,False,official_study_room_industry_not_unique_verified_study_poi
3001495,잠실 관광특구,2.4608282285006786,3030,5.0,5.0,2.031836250125583,0.35657033555612744,1.7257635162764522,0.06599595295160277,True,official_study_room_industry_not_unique_verified_study_poi
3120246,길동역,0.2424850293233832,1011,5.0,5.0,20.61982966103814,1.0686529344560496,1.1185864351721528,0.6731730340559021,True,official_study_room_industry_not_unique_verified_study_poi
3111068,강동성심병원,0.0196311859562933,27,0.0,0.0,0.0,0.0,-0.08081204409055995,0.08081204409055995,False,official_study_room_industry_not_unique_verified_study_poi
3130319,성내전통시장,0.0316259852956876,119,0.0,0.0,0.0,0.0,0.3200455964496731,-0.3200455964496731,False,official_study_room_industry_not_unique_verified_study_poi
3110308,길음역 8번,0.084904448353221,169,1.0,1.0,11.777945907377928,1.2785894872604333,0.5517782847750771,0.14136889578486822,False,official_study_room_industry_not_unique_verified_study_poi
3111067,강동구립성내도서관,0.2038069724034054,297,0.0,0.0,0.0,0.0,0.8144952212044732,-0.8144952212044732,False,official_study_room_industry_not_unique_verified_study_poi
3111063,강동구립 천호도서관,0.1504049067224535,199,0.0,0.0,0.0,0.0,0.6770766804495364,-0.6770766804495364,False,official_study_room_industry_not_unique_verified_study_poi
3110310,길음역 10번,0.0219241396078357,12,0.0,0.0,0.0,0.0,-0.2405723374393977,0.2405723374393977,False,official_study_room_industry_not_unique_verified_study_poi
3110272,신내1동주민센터,0.1462391737222117,389,8.0,8.0,54.70490427685527,4.443838012277907,0.8241568914412365,1.373067685894983,True,official_study_room_industry_not_unique_verified_study_poi
3110084,경리단길북측,0.2255559565911681,384,3.0,3.0,13.300468962731301,1.688137682398541,0.8882592113097358,0.49803514981015473,True,official_study_room_industry_not_unique_verified_study_poi
3110299,정릉역 1번,0.1408039180360215,259,0.0,0.0,0.0,0.0,0.7263623162866514,-0.7263623162866514,False,official_study_room_industry_not_unique_verified_study_poi
3130121,길음시장,0.0079401345271212,70,0.0,0.0,0.0,0.0,0.13016568921810528,-0.13016568921810528,False,official_study_room_industry_not_unique_verified_study_poi
3110306,미아초등학교,0.0326005221212482,100,2.0,2.0,61.34871069124535,4.321632466940264,0.2856563319559665,0.8129559567121433,False,official_study_room_industry_not_unique_verified_study_poi
3110307,길음역 7번,0.0551707464218871,175,2.0,2.0,36.251095548103166,2.4695042668230083,0.4929600179968532,0.6056522706712566,False,official_study_room_industry_not_unique_verified_study_poi
3110068,남영역 1번,0.1452040835662006,256,1.0,1.0,6.886858657415691,0.8440688411992705,0.728490756994605,-0.035343576434659685,False,official_study_room_industry_not_unique_verified_study_poi
3110591,충정로역 6번,0.0509998997427732,80,0.0,0.0,0.0,0.0,0.30484090013318155,-0.30484090013318155,False,official_study_room_industry_not_unique_verified_study_poi
3120097,충정로역,0.0595049224153323,117,0.0,0.0,0.0,0.0,0.41400685602423404,-0.41400685602423404,False,official_study_room_industry_not_unique_verified_study_poi
3130181,아현가구거리상점가,0.0457819674925887,114,0.0,0.0,0.0,0.0,0.3676145899536438,-0.3676145899536438,False,official_study_room_industry_not_unique_verified_study_poi
3110538,충정로역 3번,0.0166445547127617,82,0.0,0.0,0.0,0.0,0.1655738667795809,-0.1655738667795809,False,official_study_room_industry_not_unique_verified_study_poi
3110533,충정로역 7번,0.0391987549230294,19,0.0,0.0,0.0,0.0,-0.05301611069688139,0.05301611069688139,False,official_study_room_industry_not_unique_verified_study_poi
3110069,숙대입구,0.1734127662783234,439,4.0,4.0,23.066352528971798,1.9688530601094598,0.8778711529979268,0.7315667594361734,True,official_study_room_industry_not_unique_verified_study_poi
3130182,영천시장,0.0417719588773036,156,0.0,0.0,0.0,0.0,0.4240234014927453,-0.4240234014927453,False,official_study_room_industry_not_unique_verified_study_poi
3110311,종암아이파크2차후문,0.0262502299079008,8,1.0,1.0,38.094904444970965,27.010202918376656,-0.2960945992803849,0.9892417798403301,False,official_study_room_industry_not_unique_verified_study_poi
3110414,장석교회,0.0684303467632884,28,0.0,0.0,0.0,0.0,0.1174179558438262,-0.1174179558438262,False,official_study_room_industry_not_unique_verified_study_poi
3120045,남영동 먹자골목,0.0668198450222151,295,1.0,1.0,14.965613878145595,0.7324800791424178,0.640469790503363,0.05267739005658234,False,official_study_room_industry_not_unique_verified_study_poi
3120042,"숙대입구역(남영역, 남영동)",0.0870890949458693,243,0.0,0.0,0.0,0.0,0.6376457049437532,-0.6376457049437532,False,official_study_room_industry_not_unique_verified_study_poi
3110154,광진정말공원,0.1020234555142221,243,2.0,2.0,19.603335232271167,1.778449574872537,0.662127577743585,0.4364847109245248,False,official_study_room_industry_not_unique_verified_study_poi
3110163,성자초등학교,0.0664317492980598,173,2.0,2.0,30.106086639787037,2.498053449098419,0.5190998547508504,0.5795124339172594,False,official_study_room_industry_not_unique_verified_study_poi
3110426,상계2동주민센터,0.12991753151372,216,1.0,1.0,7.6971905819684885,1.000377885865802,0.6729238420515024,0.020223338508442934,False,official_study_room_industry_not_unique_verified_study_poi
3130114,유영시장,0.0057799636891919,6,0.0,0.0,0.0,0.0,-0.39514303276867724,0.39514303276867724,False,official_study_room_industry_not_unique_verified_study_poi
3120178,신사역,0.3527995446368653,1850,4.0,4.0,11.337883114665521,0.46720350993948806,1.3134926224976473,0.29594528993645297,True,official_study_room_industry_not_unique_verified_study_poi
3120185,논현역,0.3209396527694187,1491,2.0,2.0,6.231701139892843,0.2898479186411982,1.2499648509997308,-0.15135256233162098,False,official_study_room_industry_not_unique_verified_study_poi
3120174,논현역 5번,0.0702251339213652,82,0.0,0.0,0.0,0.0,0.35985192517011433,-0.35985192517011433,False,official_study_room_industry_not_unique_verified_study_poi
3110950,논현역 7번,0.0461290122490573,33,0.0,0.0,0.0,0.0,0.0924815100658255,-0.0924815100658255,False,official_study_room_industry_not_unique_verified_study_poi
3110160,광진경찰서,0.0478112010114906,61,1.0,1.0,20.91560092288138,3.542321694213332,0.23424252449647798,0.4589046560634673,False,official_study_room_industry_not_unique_verified_study_poi
3110953,학동근린공원,0.0928762500037293,86,0.0,0.0,0.0,0.0,0.41376759212932623,-0.41376759212932623,False,official_study_room_industry_not_unique_verified_study_poi
3110279,신내역 2번,0.4808446174550623,82,0.0,0.0,0.0,0.0,0.65743729669344,-0.65743729669344,False,official_study_room_industry_not_unique_verified_study_poi
3110378,송중동주민센터,0.0531135709612743,88,0.0,0.0,0.0,0.0,0.3324785851289993,-0.3324785851289993,False,official_study_room_industry_not_unique_verified_study_poi
3130143,방천골목시장,0.0202269668520313,69,0.0,0.0,0.0,0.0,0.12869495048326812,-0.12869495048326812,False,official_study_room_industry_not_unique_verified_study_poi
3110377,미아사거리역 3번,0.0356080764777396,77,1.0,1.0,28.083516407440605,2.8062548486625096,0.24071346970254603,0.45243371085739925,False,official_study_room_industry_not_unique_verified_study_poi
3120080,마들역,0.0389460931460183,294,0.0,0.0,0.0,0.0,0.556201141412891,-0.556201141412891,False,official_study_room_industry_not_unique_verified_study_poi
3110532,아현역 2번,0.0611065879016848,125,0.0,0.0,0.0,0.0,0.4329889919907751,-0.4329889919907751,False,official_study_room_industry_not_unique_verified_study_poi
3110020,서울국제고등학교,0.1335911076583044,128,1.0,1.0,7.485528172711705,1.688137682398541,0.5593119618533969,0.13383521870654835,False,official_study_room_industry_not_unique_verified_study_poi
3110405,방학역 1번,0.1854837012687618,366,0.0,0.0,0.0,0.0,0.8471462477054033,-0.8471462477054033,False,official_study_room_industry_not_unique_verified_study_poi
3110410,방학역 2번,0.1308513556234982,252,0.0,0.0,0.0,0.0,0.7088347956622353,-0.7088347956622353,False,official_study_room_industry_not_unique_verified_study_poi
3110403,방학1동주민센터,0.1529379397414316,304,0.0,0.0,0.0,0.0,0.7753438778921171,-0.7753438778921171,False,official_study_room_industry_not_unique_verified_study_poi
3130151,신도봉시장,0.0084789937625145,29,0.0,0.0,0.0,0.0,-0.06516847075255924,0.06516847075255924,False,official_study_room_industry_not_unique_verified_study_poi
3120200,학동사거리,0.2663947080420891,1417,2.0,2.0,7.50765664490606,0.3049846483373511,1.2096170141992162,-0.11100472553110641,False,official_study_room_industry_not_unique_verified_study_poi
3120196,서울세관,0.1853392010859372,517,2.0,2.0,10.791025256835166,0.8359056996015986,0.925163984180789,0.17344830448732074,False,official_study_room_industry_not_unique_verified_study_poi
3130140,숭인시장,0.0324254440040522,126,2.0,2.0,61.67995725054869,3.429867037254178,0.3367623659142548,0.761849922753855,False,official_study_room_industry_not_unique_verified_study_poi
3120203,강남구청역,0.1731200559890376,1243,6.0,6.0,34.658029456621335,1.0430327756090743,1.1132655164372909,0.8326446326180224,True,official_study_room_industry_not_unique_verified_study_poi
3110397,도봉산입구,0.5416129648006449,363,1.0,1.0,1.8463368955137118,0.5952661800193202,1.0110412796357247,-0.31789409907577937,False,official_study_room_industry_not_unique_verified_study_poi
3110966,논현2동주민센터,0.0934738399676504,331,2.0,2.0,21.396360743200063,1.3056291440907144,0.7184184885549985,0.3801938001131113,False,official_study_room_industry_not_unique_verified_study_poi
3110371,삼양입구사거리,0.0627617396713755,132,0.0,0.0,0.0,0.0,0.4493823526984192,-0.4493823526984192,False,official_study_room_industry_not_unique_verified_study_poi
3110973,강남구청역 4번,0.0660861270109799,187,1.0,1.0,15.131768878419136,1.1555167023904451,0.5358397864010035,0.1573073941589418,False,official_study_room_industry_not_unique_verified_study_poi
3110374,송중초등학교,0.2042196088643951,273,0.0,0.0,0.0,0.0,0.7957696148145355,-0.7957696148145355,False,official_study_room_industry_not_unique_verified_study_poi
3110968,강남구청역 2번,0.0437165440454674,57,1.0,1.0,22.87463526302422,3.7909056727546178,0.2052714963337337,0.4878756842262116,False,official_study_room_industry_not_unique_verified_study_poi
3110368,송천초등학교,0.1049959996771701,100,0.0,0.0,0.0,0.0,0.4665728476929367,-0.4665728476929367,False,official_study_room_industry_not_unique_verified_study_poi
3110276,신내IC북측,0.1188224675886594,24,0.0,0.0,0.0,0.0,0.1691212896986906,-0.1691212896986906,False,official_study_room_industry_not_unique_verified_study_poi
3110275,하나은행 망우동지점,0.0354499701543451,95,0.0,0.0,0.0,0.0,0.28710565873433813,-0.28710565873433813,False,official_study_room_industry_not_unique_verified_study_poi
3120208,청담사거리(청담동명품거리),0.3310845580004111,1455,1.0,1.0,3.020376444131104,0.1485097067677067,1.2492406306995145,-0.5560934501395692,False,official_study_room_industry_not_unique_verified_study_poi
3120213,삼성중앙역,0.2287508783412215,797,3.0,3.0,13.114703741268182,0.8133561732008027,1.0556991517563652,0.3305952093635254,True,official_study_room_industry_not_unique_verified_study_poi
3110072,열정도,0.0180768909789205,66,0.0,0.0,0.0,0.0,0.11701754944406578,-0.11701754944406578,False,official_study_room_industry_not_unique_verified_study_poi
3110982,강남구보훈회관,0.0198500533215776,102,0.0,0.0,0.0,0.0,0.21452480387407674,-0.21452480387407674,False,official_study_room_industry_not_unique_verified_study_poi
3110128,성원중학교,0.2471513793541441,515,1.0,1.0,4.046103253047584,0.4195759676641034,0.9688067246714382,-0.27565954411149296,False,official_study_room_industry_not_unique_verified_study_poi
3110135,성동세무서,0.1366573738102531,161,1.0,1.0,7.317570740006216,1.3421218841429392,0.6144703706283818,0.07867680993156345,False,official_study_room_industry_not_unique_verified_study_poi
3110535,영천시장입구,0.0346455006334822,57,0.0,0.0,0.0,0.0,0.16929856881339977,-0.16929856881339977,False,official_study_room_industry_not_unique_verified_study_poi
3110273,장스여성병원,0.0691761601215344,121,0.0,0.0,0.0,0.0,0.4448604819102464,-0.4448604819102464,False,official_study_room_industry_not_unique_verified_study_poi
3110413,누원고등학교,0.0742963504537961,80,5.0,5.0,67.29805662674417,13.505101459188328,0.3630386173846615,1.4287208518433934,True,official_study_room_industry_not_unique_verified_study_poi
3110113,응봉산,0.0890471285413787,61,0.0,0.0,0.0,0.0,0.3304408970488595,-0.3304408970488595,False,official_study_room_industry_not_unique_verified_study_poi
3130123,꿈의숲 장곡 골목형상점가,0.0127519972195152,50,0.0,0.0,0.0,0.0,0.05514717609330383,-0.05514717609330383,False,official_study_room_industry_not_unique_verified_study_poi
3110322,장위1동주민센터,0.0841980808836018,74,0.0,0.0,0.0,0.0,0.36494078540914665,-0.36494078540914665,False,official_study_room_industry_not_unique_verified_study_poi
3130116,동성타워프라자,0.0041044615651282,51,0.0,0.0,0.0,0.0,0.059550069372598935,-0.059550069372598935,False,official_study_room_industry_not_unique_verified_study_poi
3130124,번동시장,0.0074200050261158,3,0.0,0.0,0.0,0.0,-0.5220313682009328,0.5220313682009328,False,official_study_room_industry_not_unique_verified_study_poi
3120195,성수대교남단,0.1267335963608988,656,8.0,8.0,63.124540214407155,2.635141748134308,0.9202673711500964,1.2769572061861232,True,official_study_room_industry_not_unique_verified_study_poi
3120188,압구정역,0.2515553125665566,1612,13.0,13.0,51.678495148300456,1.7425937366694615,1.2299664871227904,1.409090842492468,True,official_study_room_industry_not_unique_verified_study_poi
3120041,신용산역(용산역),1.030655016703545,1863,6.0,6.0,5.821540576390388,0.6959150510370796,1.4809075910318363,0.4650025580234769,True,official_study_room_industry_not_unique_verified_study_poi
3120044,삼각지역,0.1343187267681394,430,1.0,1.0,7.444978254790913,0.5025154031325889,0.8336699260153513,-0.140522745455406,False,official_study_room_industry_not_unique_verified_study_poi
3110407,도봉역 2번,0.4539944351490694,296,1.0,1.0,2.2026701707734575,0.7300054842804502,0.9376206206294073,-0.24447344006946203,False,official_study_room_industry_not_unique_verified_study_poi
3110959,신구중학교,0.0359326418466982,45,0.0,0.0,0.0,0.0,0.12238200872956079,-0.12238200872956079,False,official_study_room_industry_not_unique_verified_study_poi
3110076,삼각지역 14번,0.008982122958183,27,0.0,0.0,0.0,0.0,-0.08081204409055995,0.08081204409055995,False,official_study_room_industry_not_unique_verified_study_poi
3110411,도봉역 3번,0.0902518096543224,125,0.0,0.0,0.0,0.0,0.49331295366655625,-0.49331295366655625,False,official_study_room_industry_not_unique_verified_study_poi
3110073,삼각지역 3번,0.0413904828657152,113,1.0,1.0,24.160143365428716,1.912226755283303,0.3500361520380165,0.34311102852192876,False,official_study_room_industry_not_unique_verified_study_poi
3130146,쌍문시장(쌍문역골목시장),0.1089117449194538,338,1.0,1.0,9.181746199544914,0.6392947436302167,0.7467937828650301,-0.05364660230508478,False,official_study_room_industry_not_unique_verified_study_poi
3110396,쌍문역1번(쌍리단길),0.0529308428063338,174,0.0,0.0,0.0,0.0,0.48525693851597285,-0.48525693851597285,False,official_study_room_industry_not_unique_verified_study_poi
3130147,쌍문역동측상점가,0.0338310624102905,158,0.0,0.0,0.0,0.0,0.39427927697157394,-0.39427927697157394,False,official_study_room_industry_not_unique_verified_study_poi
3130113,신아타운,0.0058122944742325,183,1.0,1.0,50.0,1.1807738980711107,0.3460819771351854,0.3470652034247599,False,official_study_room_industry_not_unique_verified_study_poi
3110376,수송초등학교,0.2087700586595968,315,1.0,1.0,4.789958897461045,0.6859734074508357,0.8315150391994961,-0.1383678586395508,False,official_study_room_industry_not_unique_verified_study_poi
3130145,쌍문역둘리상점가,0.0323957816533591,96,0.0,0.0,0.0,0.0,0.27551927996175407,-0.27551927996175407,False,official_study_room_industry_not_unique_verified_study_poi
3110388,도봉우체국,0.055328790059395,57,0.0,0.0,0.0,0.0,0.24170971533380092,-0.24170971533380092,False,official_study_room_industry_not_unique_verified_study_poi
3110002,독립문역 1번,0.0315075957912267,62,3.0,3.0,95.21513541935659,10.455562420016768,0.17336274420645936,1.2129316169134312,True,official_study_room_industry_not_unique_verified_study_poi
3110004,대신고등학교,0.0187667266281941,36,0.0,0.0,0.0,0.0,-0.01761604343370335,0.01761604343370335,False,official_study_room_industry_not_unique_verified_study_poi
3110370,도봉세무서,0.1089015558836357,150,0.0,0.0,0.0,0.0,0.5634085571290371,-0.5634085571290371,False,official_study_room_industry_not_unique_verified_study_poi
3110365,미아역 5번,0.1151412697531049,126,0.0,0.0,0.0,0.0,0.5327794310146166,-0.5327794310146166,False,official_study_room_industry_not_unique_verified_study_poi
3130141,강북북부골목시장,0.0302707772904155,68,0.0,0.0,0.0,0.0,0.18779543630759893,-0.18779543630759893,False,official_study_room_industry_not_unique_verified_study_poi
3120077,미아역,0.0932776138789567,448,3.0,3.0,32.16205770328776,1.4469751563416064,0.7865440607432261,0.5997503003766644,True,official_study_room_industry_not_unique_verified_study_poi
3110364,미아역 8번,0.1270538970449591,159,0.0,0.0,0.0,0.0,0.6003825991613777,-0.6003825991613777,False,official_study_room_industry_not_unique_verified_study_poi
3110373,수유역 2번,0.0846679400399407,159,0.0,0.0,0.0,0.0,0.5376006601354778,-0.5376006601354778,False,official_study_room_industry_not_unique_verified_study_poi
3120191,학동역,0.3660091242139766,1255,3.0,3.0,8.196516976025269,0.5165297769251312,1.2312493699106706,0.15504499120922,True,official_study_room_industry_not_unique_verified_study_poi
3111077,길동주민센터(강동도서관),0.2470102341690204,555,2.0,2.0,8.096830508777504,0.7786725165658135,0.9856472570715951,0.11296503159651472,False,official_study_room_industry_not_unique_verified_study_poi
3111078,굽은다리역 4번,0.2071663133693092,512,3.0,3.0,14.48111882288502,1.2661032617989056,0.9401862611386402,0.44610809998125034,True,official_study_room_industry_not_unique_verified_study_poi
3130324,길동복조리시장,0.0294407285777592,135,0.0,0.0,0.0,0.0,0.3373499973308045,-0.3373499973308045,False,official_study_room_industry_not_unique_verified_study_poi
3111072,굽은다리역 1번(십자성마을),0.1531349588172852,206,0.0,0.0,0.0,0.0,0.6876594555618551,-0.6876594555618551,False,official_study_room_industry_not_unique_verified_study_poi
3111071,천동초등학교,0.0354727303106187,51,0.0,0.0,0.0,0.0,0.1481884786580414,-0.1481884786580414,False,official_study_room_industry_not_unique_verified_study_poi
3110369,성신여대운정그린캠퍼스,0.1338309015963115,262,0.0,0.0,0.0,0.0,0.7211070462242224,-0.7211070462242224,False,official_study_room_industry_not_unique_verified_study_poi
3110425,계상초등학교,0.1041976174025963,228,1.0,1.0,9.597148427456105,0.9477264181886544,0.651003392335162,0.04214378822478326,False,official_study_room_industry_not_unique_verified_study_poi
3110442,화랑대철도공원,0.0200344885908788,45,1.0,1.0,49.91392694971385,4.80181385215585,0.03201749898624623,0.6611296815736991,False,official_study_room_industry_not_unique_verified_study_poi
3110017,정독도서관,0.0837923696433066,57,0.0,0.0,0.0,0.0,0.3059107481268525,-0.3059107481268525,False,official_study_room_industry_not_unique_verified_study_poi
3110007,사직공원(한국사회과학도서관),0.0801920442395288,50,0.0,0.0,0.0,0.0,0.26995448208630657,-0.26995448208630657,False,official_study_room_industry_not_unique_verified_study_poi
3120076,수유역,0.2971135276979249,1575,5.0,5.0,16.828584140010943,0.6859734074508357,1.2504519939761167,0.5413074752519382,True,official_study_room_industry_not_unique_verified_study_poi
3130139,강북종합전통시장(강북종합골목시장),0.0748439337503617,311,1.0,1.0,13.361136299108106,0.6947962165498818,0.6699481674778511,0.023199013082094155,False,official_study_room_industry_not_unique_verified_study_poi
3110406,도봉산역 1번,0.247343739920625,132,0.0,0.0,0.0,0.0,0.6615200349011153,-0.6615200349011153,False,official_study_room_industry_not_unique_verified_study_poi
3110367,강북구청,0.0638899378908022,154,3.0,3.0,46.95575076512775,4.209382272993764,0.48684696209523237,0.8994473990246582,True,official_study_room_industry_not_unique_verified_study_poi
3130135,수유중앙골목시장(수유중앙시장),0.030735001585916,103,1.0,1.0,32.536194839769905,2.097879838320517,0.2831782639484376,0.4099689166115077,False,official_study_room_industry_not_unique_verified_study_poi
3110359,수유시장옆,0.1353102846939356,126,0.0,0.0,0.0,0.0,0.5577469580910674,-0.5577469580910674,False,official_study_room_industry_not_unique_verified_study_poi
3110358,인수동 우편취급국,0.1113707692073261,112,0.0,0.0,0.0,0.0,0.5011459830201778,-0.5011459830201778,False,official_study_room_industry_not_unique_verified_study_poi
3110957,언북중학교,0.0947434026566621,243,1.0,1.0,10.554824631155283,0.8892247874362685,0.6506762996029557,0.04247088095698959,False,official_study_room_industry_not_unique_verified_study_poi
3110283,성북초등학교앞,0.0422099568093369,57,0.0,0.0,0.0,0.0,0.19984668341359713,-0.19984668341359713,False,official_study_room_industry_not_unique_verified_study_poi
3110100,옥수동우편취급국,0.026040162923484,34,0.0,0.0,0.0,0.0,0.010606042947129024,-0.010606042947129024,False,official_study_room_industry_not_unique_verified_study_poi
3120245,둔촌역,0.1652914811329073,856,13.0,13.0,78.64894131807665,3.281613438681276,1.0216123600887854,1.617444969526473,True,official_study_room_industry_not_unique_verified_study_poi
3130323,둔촌역전통시장,0.0365849434530917,170,0.0,0.0,0.0,0.0,0.42288197165055663,-0.42288197165055663,False,official_study_room_industry_not_unique_verified_study_poi
3110064,효창공원앞역 2번,0.1314517379660423,168,1.0,1.0,7.6073547255672525,1.2862001389703168,0.618054645469395,0.07509253509055025,False,official_study_room_industry_not_unique_verified_study_poi
3111073,둔촌동역 1번(한산중학교),0.1797337334675332,360,1.0,1.0,5.563785833117622,0.6002267315194812,0.8385376061024108,-0.1453904255424655,False,official_study_room_industry_not_unique_verified_study_poi
3111062,둔촌동역 3번(성내3동주민센터),0.1067280273226065,186,0.0,0.0,0.0,0.0,0.6087740032537765,-0.6087740032537765,False,official_study_room_industry_not_unique_verified_study_poi
3111064,둔촌동역 4번,0.0510887265410409,139,0.0,0.0,0.0,0.0,0.4291817082183008,-0.4291817082183008,False,official_study_room_industry_not_unique_verified_study_poi
3110955,논현초등학교,0.190768141499033,407,3.0,3.0,15.725896244657847,1.5927392384300731,0.8755047429062166,0.510789618213674,True,official_study_room_industry_not_unique_verified_study_poi
3120194,언주역(차병원),0.2422625098307379,931,0.0,0.0,0.0,0.0,1.0997719945242939,-1.0997719945242939,False,official_study_room_industry_not_unique_verified_study_poi
3110584,아현역 4번,0.0141660062643117,71,0.0,0.0,0.0,0.0,0.1333369560075482,-0.1333369560075482,False,official_study_room_industry_not_unique_verified_study_poi
3130001,통인시장,0.0382516342247539,184,2.0,2.0,52.28534781674069,2.3487132972501437,0.4476158644870504,0.6509964241810594,False,official_study_room_industry_not_unique_verified_study_poi
3110394,방학중학교,0.1576969787828606,233,0.0,0.0,0.0,0.0,0.7199993726276116,-0.7199993726276116,False,official_study_room_industry_not_unique_verified_study_poi
3130198,아현시장,0.0276503594079518,169,1.0,1.0,36.165895178650594,1.2785894872604333,0.3782411138016639,0.31490606675828137,False,official_study_room_industry_not_unique_verified_study_poi
3110961,언주역 3번,0.0629835052893028,126,1.0,1.0,15.877172847187362,1.714933518627089,0.4394610868979356,0.25368609366200967,False,official_study_room_industry_not_unique_verified_study_poi
3110402,도봉구 정병원,0.1182961325348254,144,1.0,1.0,8.453361733576608,1.5005668287987028,0.5670145920000245,0.12613258855992082,False,official_study_room_industry_not_unique_verified_study_poi
3110589,애오개역 3번,0.0311905001382272,41,1.0,1.0,32.061044086125314,5.270283496268616,0.07986218970190884,0.6132849908580364,False,official_study_room_industry_not_unique_verified_study_poi
3120040,용산전자상가(용산역),0.3647530050172379,2580,0.0,0.0,0.0,0.0,1.39402726582561,-1.39402726582561,False,official_study_room_industry_not_unique_verified_study_poi
3110431,상계역,0.0556646281750619,350,1.0,1.0,17.96472971767745,0.6173760667057521,0.6508589863163048,0.0422881942436405,False,official_study_room_industry_not_unique_verified_study_poi
3110430,중계초등학교,0.0111765121587222,87,0.0,0.0,0.0,0.0,0.17883740661342656,-0.17883740661342656,False,official_study_room_industry_not_unique_verified_study_poi
3130157,상계중앙시장,0.0524224874815248,203,0.0,0.0,0.0,0.0,0.5185314031411647,-0.5185314031411647,False,official_study_room_industry_not_unique_verified_study_poi
3110428,상계5동주민센터,0.2175580492738075,417,6.0,6.0,27.57884628965718,3.109088105712421,0.9013215726149861,1.044588576440327,True,official_study_room_industry_not_unique_verified_study_poi
3110586,서울서부지방법원,0.1320411124587204,338,2.0,2.0,15.146797559928569,1.2785894872604333,0.7765819677974244,0.3220303208706854,False,official_study_room_industry_not_unique_verified_study_poi
3110436,상계제일중학교,0.04151348905998,65,3.0,3.0,72.26566756808866,9.97299800063138,0.22657081802643486,1.1597235430934556,True,official_study_room_industry_not_unique_verified_study_poi
3110366,광산사거리,0.0575190424437074,107,1.0,1.0,17.385546725307147,2.019454423803862,0.3886776851722682,0.3044694953876771,False,official_study_room_industry_not_unique_verified_study_poi
3110375,서울북부고용노동지청,0.058218196007634,62,1.0,1.0,17.176760335701104,3.485187473338923,0.2683334702873522,0.42481371027259307,False,official_study_room_industry_not_unique_verified_study_poi
3130158,상계역전종합상가,0.0119313443774572,29,0.0,0.0,0.0,0.0,-0.06516847075255924,0.06516847075255924,False,official_study_room_industry_not_unique_verified_study_poi
3110585,마포경찰서,0.0182021822061654,35,0.0,0.0,0.0,0.0,-0.023828538331510524,0.023828538331510524,False,official_study_room_industry_not_unique_verified_study_poi
3130142,강북북부시장,0.0042054829987037,22,0.0,0.0,0.0,0.0,-0.12541450588199052,0.12541450588199052,False,official_study_room_industry_not_unique_verified_study_poi
3130152,오!도봉거리 상점가,0.024415596242598,55,0.0,0.0,0.0,0.0,0.10721117462877411,-0.10721117462877411,False,official_study_room_industry_not_unique_verified_study_poi
3110530,아현역 1번,0.0174596517724165,72,1.0,1.0,50.0,3.0011336575974057,0.13646447978937343,0.5566827007705719,False,official_study_room_industry_not_unique_verified_study_poi
3120229,방이동먹자골목,0.1465806054379109,909,4.0,4.0,27.288739789619257,0.9508542281496731,1.0166355260364905,0.5928023863976097,True,official_study_room_industry_not_unique_verified_study_poi
3110927,잠원역,0.0601910384784654,100,0.0,0.0,0.0,0.0,0.3805073139874544,-0.3805073139874544,False,official_study_room_industry_not_unique_verified_study_poi
3110063,효창공원앞역 5번,0.1102469535873046,235,0.0,0.0,0.0,0.0,0.6665598771243159,-0.6665598771243159,False,official_study_room_industry_not_unique_verified_study_poi
3130122,밤나무골시장,0.0067456631266148,19,0.0,0.0,0.0,0.0,-0.15710439134821183,0.15710439134821183,False,official_study_room_industry_not_unique_verified_study_poi
3110372,강북중학교,0.0824209800533865,130,1.0,1.0,12.132833161559963,1.6621663334385635,0.48809710072170875,0.20505007983823653,False,official_study_room_industry_not_unique_verified_study_poi
3120207,선정릉역,0.3232290356255783,1205,4.0,4.0,12.375125867818124,0.7172833970025335,1.202811769893831,0.4066261425402693,True,official_study_room_industry_not_unique_verified_study_poi
3110976,언북초등학교,0.0556820212110945,149,0.0,0.0,0.0,0.0,0.4581424918603685,-0.4581424918603685,False,official_study_room_industry_not_unique_verified_study_poi
3110970,학동초등학교,0.0499760766574499,57,0.0,0.0,0.0,0.0,0.22597086147322043,-0.22597086147322043,False,official_study_room_industry_not_unique_verified_study_poi
3110974,언주중학교,0.0351240892680903,70,0.0,0.0,0.0,0.0,0.21727628619444006,-0.21727628619444006,False,official_study_room_industry_not_unique_verified_study_poi
3110065,남정초등학교,0.0180516132820201,70,0.0,0.0,0.0,0.0,0.13016568921810528,-0.13016568921810528,False,official_study_room_industry_not_unique_verified_study_poi
3130056,용산용문시장,0.0402161403668229,279,0.0,0.0,0.0,0.0,0.5493322218904412,-0.5493322218904412,False,official_study_room_industry_not_unique_verified_study_poi
3110060,효창공원앞역 6번,0.0946484901613076,163,1.0,1.0,10.56540889659961,1.3256541309632714,0.5604363064791147,0.1327108740808306,False,official_study_room_industry_not_unique_verified_study_poi
3110277,러스크서울병원,0.1180817161098885,162,0.0,0.0,0.0,0.0,0.5932664998868699,-0.5932664998868699,False,official_study_room_industry_not_unique_verified_study_poi
3110061,효창동주민센터,0.1001741771520505,111,1.0,1.0,9.982612569725816,1.9466812914145337,0.4827411137962322,0.2104060667637131,False,official_study_room_industry_not_unique_verified_study_poi
3110062,한강로동땡땡거리(은행나무길),0.1325853606103121,333,2.0,2.0,15.084621641436678,1.297787527609689,0.7738490483226657,0.3247632403454441,False,official_study_room_industry_not_unique_verified_study_poi
3130132,삼양골목시장(삼양시장),0.047528365125527,120,2.0,2.0,42.08013456212531,3.6013603891168873,0.3849371050117597,0.7136751836563501,False,official_study_room_industry_not_unique_verified_study_poi
3120186,가로수길,0.2564935155481949,1502,11.0,11.0,42.88607443541048,1.5824885864295244,1.2169582151649243,1.267948434623076,True,official_study_room_industry_not_unique_verified_study_poi
3110278,망우본동주민센터,0.1374168462948286,257,1.0,1.0,7.277128146679298,0.8407845266420748,0.7208449792833682,-0.02769779872342293,False,official_study_room_industry_not_unique_verified_study_poi
3110389,한일병원,0.0528496890281012,65,0.0,0.0,0.0,0.0,0.2639165075835996,-0.2639165075835996,False,official_study_room_industry_not_unique_verified_study_poi
3110077,삼광초등학교,0.0457625762122178,75,2.0,2.0,43.703833252858594,5.76217662258702,0.2736328472988331,0.8249794413692767,False,official_study_room_industry_not_unique_verified_study_poi
3130137,"수유전통시장(수유시장, 수유골목시장)",0.036994570784425,270,0.0,0.0,0.0,0.0,0.5290087667683593,-0.5290087667683593,False,official_study_room_industry_not_unique_verified_study_poi
3130303,영동전통시장,0.0390679007263592,229,0.0,0.0,0.0,0.0,0.5002490151563164,-0.5002490151563164,False,official_study_room_industry_not_unique_verified_study_poi
3120176,논현역 4번,0.13040841609032,257,0.0,0.0,0.0,0.0,0.7127476561440741,-0.7127476561440741,False,official_study_room_industry_not_unique_verified_study_poi
3110412,창동중학교,0.0211295248063595,17,0.0,0.0,0.0,0.0,-0.17249588258502246,0.17249588258502246,False,official_study_room_industry_not_unique_verified_study_poi
3120225,잠실새내역(신천),0.2378645015826352,1917,14.0,14.0,58.85703796426444,1.5780608903798568,1.2605789383727735,1.4474712627294366,True,official_study_room_industry_not_unique_verified_study_poi
3130311,새마을시장,0.0793144184612367,410,5.0,5.0,63.04024031196355,2.635141748134308,0.7414098931096027,1.0503495761184523,True,official_study_room_industry_not_unique_verified_study_poi
3120248,명일역,0.1429870972968356,667,12.0,12.0,83.92365623793643,3.887525457517479,0.9426974121855956,1.6222519452759412,True,official_study_room_industry_not_unique_verified_study_poi
3120095,홍제역,0.1005396022257897,425,4.0,4.0,39.7853175410112,2.033709396207183,0.7862180093131919,0.8232199031209084,True,official_study_room_industry_not_unique_verified_study_poi
3120107,공덕역(공덕오거리),0.1920756922518944,836,2.0,2.0,10.41256171747716,0.516941682648357,1.0394882865221693,0.05912400214594049,False,official_study_room_industry_not_unique_verified_study_poi
3130195,도화동 상점가,0.101804146504786,552,1.0,1.0,9.822782610853558,0.3914522162083573,0.8473126012787358,-0.15416542071879047,False,official_study_room_industry_not_unique_verified_study_poi
3120106,마포역,0.1366223999600533,776,1.0,1.0,7.319443958621629,0.27845570018945004,0.9699266768935513,-0.276779496333606,False,official_study_room_industry_not_unique_verified_study_poi
3130197,마포시장,0.0096939933720299,86,0.0,0.0,0.0,0.0,0.1762460426446381,-0.1762460426446381,False,official_study_room_industry_not_unique_verified_study_poi
3130196,공덕시장,0.007420166239188,95,0.0,0.0,0.0,0.0,0.19856652975095418,-0.19856652975095418,False,official_study_room_industry_not_unique_verified_study_poi
3110581,염리초등학교,0.0137378761633384,22,1.0,1.0,50.0,9.821891970318784,-0.12541450588199052,0.8185616864419358,False,official_study_room_industry_not_unique_verified_study_poi
3120167,고속터미널(고속터미널역),0.3205734440746637,2268,7.0,7.0,21.83586984319778,0.6669185905772013,1.3448433657387167,0.7345981759411191,True,official_study_room_industry_not_unique_verified_study_poi
3120170,삼호가든사거리,0.1007822578750222,495,6.0,6.0,59.534288341113225,2.619171192085009,0.8210866266425247,1.1248235224127885,True,official_study_room_industry_not_unique_verified_study_poi
3110415,수락산역 4번,0.1973573798900098,417,2.0,2.0,10.133900242872244,1.0363627019041401,0.8862477718483577,0.2123645168197521,False,official_study_room_industry_not_unique_verified_study_poi
3110419,수락산디자인거리,0.1258982764127252,314,1.0,1.0,7.942920494969737,0.6881580361369849,0.7525639208082832,-0.059416740248337874,False,official_study_room_industry_not_unique_verified_study_poi
3110098,서울독일학교,0.0413831828399607,83,0.0,0.0,0.0,0.0,0.28076605909257,-0.28076605909257,False,official_study_room_industry_not_unique_verified_study_poi
3130302,강남시장(강남구 강남시장),0.0039579556025951,45,0.0,0.0,0.0,0.0,0.0317509884570682,-0.0317509884570682,False,official_study_room_industry_not_unique_verified_study_poi
3110949,한남IC,0.062079246366503,145,1.0,1.0,16.10844297458457,1.4902180920483672,0.46883643988851786,0.22431074067142742,False,official_study_room_industry_not_unique_verified_study_poi
3110090,한국폴리텍대학서울정수캠퍼스,0.0969865483885944,99,0.0,0.0,0.0,0.0,0.45204258672026054,-0.45204258672026054,False,official_study_room_industry_not_unique_verified_study_poi
3110088,오산고등학교,0.096487905700601,105,0.0,0.0,0.0,0.0,0.4644572551831341,-0.4644572551831341,False,official_study_room_industry_not_unique_verified_study_poi
3120247,굽은다리역,0.0944780118085977,450,5.0,5.0,52.92236684795466,2.400906926077925,0.7895297358083275,1.0022297334197274,True,official_study_room_industry_not_unique_verified_study_poi
3130325,명일전통시장,0.02752560012558,103,1.0,1.0,36.32981644133831,2.097879838320517,0.2661189305160925,0.4270282500438528,False,official_study_room_industry_not_unique_verified_study_poi
3111080,굽은다리역 3번,0.0834841254861266,169,2.0,2.0,23.956650301527805,2.5571789745208666,0.5491687814233946,0.5494435072447151,False,official_study_room_industry_not_unique_verified_study_poi
3111075,굽은다리역 2번,0.0877136202088711,134,1.0,1.0,11.400737965423334,1.6125494279627852,0.5045439638504323,0.18860321670951297,False,official_study_room_industry_not_unique_verified_study_poi
3111070,천호초등학교,0.0590335471842071,57,0.0,0.0,0.0,0.0,0.25173511760631573,-0.25173511760631573,False,official_study_room_industry_not_unique_verified_study_poi
3111069,천호1동주민센터,0.1104047005374646,109,0.0,0.0,0.0,0.0,0.4936973076163369,-0.4936973076163369,False,official_study_room_industry_not_unique_verified_study_poi
3120242,강동구청역,0.2055509010035976,634,5.0,5.0,24.32487513111163,1.7041137487934797,0.9873505551723449,0.80440891405571,True,official_study_room_industry_not_unique_verified_study_poi
3111053,성내천어린이공원(하니사랑길),0.1397367307431585,197,1.0,1.0,7.1563145543889854,1.0968610322183412,0.6634176707645376,0.02972950979540767,False,official_study_room_industry_not_unique_verified_study_poi
3111050,강동구청(강동구청역 2번),0.0195494057557165,46,0.0,0.0,0.0,0.0,0.03662734584508992,-0.03662734584508992,False,official_study_room_industry_not_unique_verified_study_poi
3110576,대흥역 3번,0.0759837439411874,254,2.0,2.0,26.321419507151834,1.7014301050945924,0.626543279065997,0.47206900960211273,False,official_study_room_industry_not_unique_verified_study_poi
3110081,해방촌 남동측,0.1049317763014622,263,1.0,1.0,9.530001637702812,0.8216031305970085,0.6843382823112049,0.008808898248740427,False,official_study_room_industry_not_unique_verified_study_poi
3120233,몽촌토성역,0.1149135772327244,523,0.0,0.0,0.0,0.0,0.8538355493205187,-0.8538355493205187,False,official_study_room_industry_not_unique_verified_study_poi
3120177,신논현역 1번,0.1404288146842193,328,4.0,4.0,28.484182601660173,2.635141748134308,0.7793193122643565,0.8301186001697438,True,official_study_room_industry_not_unique_verified_study_poi
3110952,논현목련공원,0.021612666271559,38,0.0,0.0,0.0,0.0,0.006315754379403238,-0.006315754379403238,False,official_study_room_industry_not_unique_verified_study_poi
3110360,수유초등학교,0.1064457859054139,191,0.0,0.0,0.0,0.0,0.6143473854318102,-0.6143473854318102,False,official_study_room_industry_not_unique_verified_study_poi
3120244,암사역,0.0805427279126898,399,6.0,6.0,74.494621122147,3.2493477195039584,0.7376358424441954,1.2082743066111177,True,official_study_room_industry_not_unique_verified_study_poi
3130320,암사종합시장,0.0371718823855718,218,0.0,0.0,0.0,0.0,0.4814416803154221,-0.4814416803154221,False,official_study_room_industry_not_unique_verified_study_poi
3111060,암사역 2번(서울강동초등학교),0.2190504596698758,446,1.0,1.0,4.565158190067573,0.4844879447242449,0.9175882512341549,-0.2244410706742096,False,official_study_room_industry_not_unique_verified_study_poi
3111052,암사역 3번(천호동자전거거리),0.1291948555298473,291,0.0,0.0,0.0,0.0,0.7393707923012718,-0.7393707923012718,False,official_study_room_industry_not_unique_verified_study_poi
3111061,암사역 1번,0.1751950857327215,324,0.0,0.0,0.0,0.0,0.8107615081233928,-0.8107615081233928,False,official_study_room_industry_not_unique_verified_study_poi
3111054,암사역 4번(삼성광나루아파트),0.0155259060792445,41,0.0,0.0,0.0,0.0,0.011123876505092528,-0.011123876505092528,False,official_study_room_industry_not_unique_verified_study_poi
3111057,천호공원(해공체육문화센터),0.1160707125765865,222,0.0,0.0,0.0,0.0,0.6616752567323022,-0.6616752567323022,False,official_study_room_industry_not_unique_verified_study_poi
3120228,석촌역(석촌호수),0.2279735884416076,849,3.0,3.0,13.159419126169565,0.763539305113121,1.0694863521722249,0.3168080089476657,True,official_study_room_industry_not_unique_verified_study_poi
3110151,자양한강도서관,0.1074913577474804,239,1.0,1.0,9.30307348381633,0.9041072106569591,0.6664553473255971,0.026691833234348206,False,official_study_room_industry_not_unique_verified_study_poi
3111058,성내중학교,0.0396635189317969,69,2.0,2.0,50.42416946007955,6.263235459333717,0.23286094849726596,0.8657513401708439,False,official_study_room_industry_not_unique_verified_study_poi
3110587,공덕동주민센터,0.0765719626138079,148,1.0,1.0,13.059610409145687,1.4600109685609004,0.505903807831518,0.18724337272842728,False,official_study_room_industry_not_unique_verified_study_poi
3111010,석촌역 7번,0.200023309440052,393,1.0,1.0,4.9994173319070345,0.5498260136056317,0.8749159000893714,-0.18176871952942608,False,official_study_room_industry_not_unique_verified_study_poi
3110580,양원초등학교,0.0393306556872001,83,1.0,1.0,25.425459670773893,2.6033930523736535,0.2728972746330355,0.4202499059269098,False,official_study_room_industry_not_unique_verified_study_poi
3110572,서강대역 1번,0.1481149863403561,294,2.0,2.0,13.503022546308472,1.4699430159660765,0.7628285541465092,0.3357837345216006,False,official_study_room_industry_not_unique_verified_study_poi
3110157,자양동우체국,0.1150692315441545,221,0.0,0.0,0.0,0.0,0.6593157622373741,-0.6593157622373741,False,official_study_room_industry_not_unique_verified_study_poi
3111074,명일역 1번,0.0493972398587117,80,0.0,0.0,0.0,0.0,0.29990200256437183,-0.29990200256437183,False,official_study_room_industry_not_unique_verified_study_poi
3120096,"이화여대(이대역, 이대)",0.1513048895278378,559,3.0,3.0,19.827515220174334,1.1596509303059743,0.9114573466979505,0.47483701442194004,True,official_study_room_industry_not_unique_verified_study_poi
3130148,방학동도깨비시장,0.0425135865228783,174,0.0,0.0,0.0,0.0,0.45135618503224373,-0.45135618503224373,False,official_study_room_industry_not_unique_verified_study_poi
3130179,"이화여대 3,5,7길 상점가",0.0555963509411456,445,8.0,8.0,143.89433595145147,3.8846134534294516,0.7049812392647793,1.4922433380714404,True,official_study_room_industry_not_unique_verified_study_poi
3110582,이대역 5번,0.0535592443522617,160,3.0,3.0,56.01273946788452,4.051530437756498,0.4681764382250926,0.918117922894798,True,official_study_room_industry_not_unique_verified_study_poi
3110520,경의중앙 신촌역,0.0605405853800853,90,4.0,4.0,66.07137963545017,9.6036277043117,0.35776266863647443,1.2516752437976257,True,official_study_room_industry_not_unique_verified_study_poi
3110401,도봉구민회관,0.044733125221307,53,2.0,2.0,44.709596973282174,8.154023522528801,0.19262456266873973,0.90598772599937,False,official_study_room_industry_not_unique_verified_study_poi
3130178,이대 앞 스타트업 상점가,0.0075204086883309,111,3.0,3.0,150.0,5.840043874243602,0.23351894458755734,1.1527754165323332,True,official_study_room_industry_not_unique_verified_study_poi
3110575,대흥동주민센터,0.07147845908019,90,1.0,1.0,13.990228844722624,2.400906926077925,0.3834527859333767,0.30969439462656856,False,official_study_room_industry_not_unique_verified_study_poi
3110439,당고개역 5번,0.0989501536163387,106,0.0,0.0,0.0,0.0,0.47048409505209043,-0.47048409505209043,False,official_study_room_industry_not_unique_verified_study_poi
3110437,당고개역 2번,0.0836363416152704,123,1.0,1.0,11.956524887231787,1.756761165422872,0.47790966921025824,0.21523751134968705,False,official_study_room_industry_not_unique_verified_study_poi
3110440,상계3동4동주민센터,0.0545902629718061,37,0.0,0.0,0.0,0.0,0.1437517479652275,-0.1437517479652275,False,official_study_room_industry_not_unique_verified_study_poi
3130177,인왕시장(홍제골목형상점가),0.022759028004566,195,1.0,1.0,43.93860756265058,1.1081108889590423,0.38039693042684863,0.31275025013309665,False,official_study_room_industry_not_unique_verified_study_poi
3130176,유진상가,0.0185173318823154,68,0.0,0.0,0.0,0.0,0.12368690905272067,-0.12368690905272067,False,official_study_room_industry_not_unique_verified_study_poi
3110416,노원초등학교,0.0926161049160197,169,1.0,1.0,10.797258218824437,1.2785894872604333,0.5652259084619072,0.12792127209803805,False,official_study_room_industry_not_unique_verified_study_poi
3110529,홍제3동주민센터,0.1134140965881941,186,3.0,3.0,26.451738278117066,3.485187473338923,0.6181728465210714,0.7681215145988192,True,official_study_room_industry_not_unique_verified_study_poi
3110527,홍제역 2번,0.1059939136041925,130,1.0,1.0,9.434503982315885,1.6621663334385635,0.5270063651185491,0.16614081544139614,False,official_study_room_industry_not_unique_verified_study_poi
3110521,홍제역 4번,0.0304051675329361,75,0.0,0.0,0.0,0.0,0.21038999868203828,-0.21038999868203828,False,official_study_room_industry_not_unique_verified_study_poi
3110522,홍제역 3번,0.0373919510902827,42,0.0,0.0,0.0,0.0,0.11324808202596648,-0.11324808202596648,False,official_study_room_industry_not_unique_verified_study_poi
3130080,자양종합시장(기능상실),0.0061554842672193,7,0.0,0.0,0.0,0.0,-0.3648658738618741,0.3648658738618741,False,official_study_room_industry_not_unique_verified_study_poi
3110134,성수119안전센터,0.2226564474090304,303,1.0,1.0,4.491224088215837,0.7131406711122549,0.832697899869101,-0.13955071930915575,False,official_study_room_industry_not_unique_verified_study_poi
3110578,대흥역 2번,0.1118669050006477,273,3.0,3.0,26.817582912324518,2.374523333483662,0.7026679545167694,0.6836264066031211,True,official_study_room_industry_not_unique_verified_study_poi
3110399,창2동주민센터,0.1610824924970104,234,1.0,1.0,6.207999295879777,0.9234257407992019,0.7242519582776994,-0.031104777717754106,False,official_study_room_industry_not_unique_verified_study_poi
3110280,북정마을,0.1509642061475971,22,0.0,0.0,0.0,0.0,0.18724823660874818,-0.18724823660874818,False,official_study_room_industry_not_unique_verified_study_poi
3111014,송파나루역 2번,0.072657857043091,139,0.0,0.0,0.0,0.0,0.48366076618163856,-0.48366076618163856,False,official_study_room_industry_not_unique_verified_study_poi
3111066,암사동성당(효정하나플러스아파트),0.1064792120559996,187,0.0,0.0,0.0,0.0,0.6096222619187298,-0.6096222619187298,False,official_study_room_industry_not_unique_verified_study_poi
3130313,방이시장,0.1435333303719193,418,1.0,1.0,6.967022902686295,0.516941682648357,0.8375308757017446,-0.14438369514179927,False,official_study_room_industry_not_unique_verified_study_poi
3110577,용강동주민센터,0.0260208773423419,123,0.0,0.0,0.0,0.0,0.29730484062304774,-0.29730484062304774,False,official_study_room_industry_not_unique_verified_study_poi
3111019,한성백제역 3번,0.1826565738512957,315,0.0,0.0,0.0,0.0,0.8108453897753953,-0.8108453897753953,False,official_study_room_industry_not_unique_verified_study_poi
3110962,도산공원북측,0.0100363624216496,43,0.0,0.0,0.0,0.0,0.021671912274367877,-0.021671912274367877,False,official_study_room_industry_not_unique_verified_study_poi
3111004,삼전역 1번,0.2453723283299328,627,5.0,5.0,20.37719588851476,1.72313894216119,1.0122289321902134,0.7795305370378416,True,official_study_room_industry_not_unique_verified_study_poi
3110381,번동주공2단지,0.0504454968279538,50,0.0,0.0,0.0,0.0,0.19825405767579046,-0.19825405767579046,False,official_study_room_industry_not_unique_verified_study_poi
3130194,용강동 상점가,0.0541575342795334,167,1.0,1.0,18.464651563317364,1.2939019362096602,0.479544812515742,0.2136023680442033,False,official_study_room_industry_not_unique_verified_study_poi
3120094,"신촌역(신촌역, 신촌로터리)",0.3435744377341374,2031,20.0,20.0,58.211548367507696,2.1278347941606426,1.3305478688759789,1.7139745688474441,True,official_study_room_industry_not_unique_verified_study_poi
3110569,홍대땡땡거리,0.0848707688424441,387,3.0,3.0,35.34785935036436,1.6750513437752963,0.7388258774652028,0.6474684836546878,True,official_study_room_industry_not_unique_verified_study_poi
3130175,신촌 상인회(신촌상점가),0.0061427347636718,42,0.0,0.0,0.0,0.0,0.016459225708315955,-0.016459225708315955,False,official_study_room_industry_not_unique_verified_study_poi
3110573,신촌역 6번,0.0093596843977279,33,2.0,2.0,100.0,13.095855960425045,-0.036788744502348564,1.1354010331704583,False,official_study_room_industry_not_unique_verified_study_poi
3001496,강남 마이스 관광특구,0.2377100963824016,1017,1.0,1.0,4.206804907399941,0.21246963947592257,1.1168504266688049,-0.42370324610885957,False,official_study_room_industry_not_unique_verified_study_poi
3120218,코엑스,0.1452850502706948,387,1.0,1.0,6.883020642088103,0.5583504479250988,0.8219785986144867,-0.12883141805454146,False,official_study_room_industry_not_unique_verified_study_poi
3110583,공덕래미안3차아파트,0.0079664508870829,70,2.0,2.0,100.0,6.173760667057521,0.13016568921810528,0.9684465994500044,False,official_study_room_industry_not_unique_verified_study_poi
3110579,마포역 4번,0.0550052663555293,82,0.0,0.0,0.0,0.0,0.3220663272773573,-0.3220663272773573,False,official_study_room_industry_not_unique_verified_study_poi
3130062,보광시장,0.0104978108924284,17,0.0,0.0,0.0,0.0,-0.1809940326705692,0.1809940326705692,False,official_study_room_industry_not_unique_verified_study_poi
3120187,신논현역,0.3821027846256797,2169,8.0,8.0,20.93677492519993,0.7969815522250373,1.361886949146009,0.8353376281902105,True,official_study_room_industry_not_unique_verified_study_poi
3120047,한남오거리,0.156092487095066,613,2.0,2.0,12.812916478048857,0.7049971397944967,0.937149436872476,0.1614628517956338,False,official_study_room_industry_not_unique_verified_study_poi
3110361,삼양사거리역 1번,0.0747952100885668,73,0.0,0.0,0.0,0.0,0.34357990765273927,-0.34357990765273927,False,official_study_room_industry_not_unique_verified_study_poi
3110574,서강대학교,0.0162918047834564,47,3.0,3.0,150.0,13.792444043426375,0.041401035411895715,1.344893325707995,False,official_study_room_industry_not_unique_verified_study_poi
3110058,성심여자고등학교,0.1355194930696753,247,2.0,2.0,14.75802450774908,1.749648772040593,0.7097310465605365,0.38888124210757324,False,official_study_room_industry_not_unique_verified_study_poi
3111021,방이역 4번,0.324026928449671,647,9.0,9.0,27.77546928911469,3.005772194935269,1.06234704798252,1.2402380450115258,True,official_study_room_industry_not_unique_verified_study_poi
3111032,방이역 1번,0.0778521031918219,206,6.0,6.0,77.06920884611733,6.2936395149615505,0.5830149354303532,1.36289521362496,True,official_study_room_industry_not_unique_verified_study_poi
3120238,방이역,0.0455745238778518,291,7.0,7.0,153.59458320971828,5.197839736869734,0.5781951065756553,1.5012464351041803,True,official_study_room_industry_not_unique_verified_study_poi
3111020,방이동고분군(방산고등학교),0.0289746487912472,150,2.0,2.0,69.0258582393644,2.88108831129351,0.35860445616101655,0.7400078325070932,False,official_study_room_industry_not_unique_verified_study_poi
3111030,방이역 2번,0.0508718679465197,176,5.0,5.0,98.28614913956714,6.13868248144924,0.4816963482938681,1.3100631209341869,True,official_study_room_industry_not_unique_verified_study_poi
3110571,신수동주민센터,0.075494087802896,110,1.0,1.0,13.246070375879677,1.9643783940637567,0.43695445908730957,0.2561927214726357,False,official_study_room_industry_not_unique_verified_study_poi
3120222,삼성역,0.3560643567445971,1397,2.0,2.0,5.616962108438696,0.3093509281990168,1.2512748009410009,-0.15266251227289107,False,official_study_room_industry_not_unique_verified_study_poi
3120215,포스코사거리,0.3183828525232976,2108,5.0,5.0,15.704363348632683,0.5125275696086652,1.327202164016172,0.464557305211883,True,official_study_room_industry_not_unique_verified_study_poi
3120223,휘문고교사거리,0.1334675750184676,161,0.0,0.0,0.0,0.0,0.6108170156032475,-0.6108170156032475,False,official_study_room_industry_not_unique_verified_study_poi
3110295,정릉우체국,0.1529854758988045,152,3.0,3.0,19.6097046623198,4.264768881848945,0.6189686546369867,0.7673257064829039,True,official_study_room_industry_not_unique_verified_study_poi
3110298,솔숲어린이공원,0.0378729021594853,39,3.0,3.0,79.21230824526732,16.621663334385634,0.09882687289216441,1.2874674882277262,False,official_study_room_industry_not_unique_verified_study_poi
3130073,뚝도시장,0.0214394991102216,199,0.0,0.0,0.0,0.0,0.37573897877567597,-0.37573897877567597,False,official_study_room_industry_not_unique_verified_study_poi
3110525,홍은종합사회복지관,0.0354930147017823,93,0.0,0.0,0.0,0.0,0.28251967676071243,-0.28251967676071243,False,official_study_room_industry_not_unique_verified_study_poi
3111076,둔촌2동주민센터,0.0600213387916273,138,4.0,4.0,66.64296532749086,6.263235459333717,0.45248138557872575,1.1569565268553745,True,official_study_room_industry_not_unique_verified_study_poi
3130136,수유재래시장,0.0109521894823413,29,0.0,0.0,0.0,0.0,-0.06516847075255924,0.06516847075255924,False,official_study_room_industry_not_unique_verified_study_poi
3110951,신사은행나무공원,0.028978293542992,96,0.0,0.0,0.0,0.0,0.2582750180536157,-0.2582750180536157,False,official_study_room_industry_not_unique_verified_study_poi
3130058,이촌종합시장,0.0074801999242283,107,1.0,1.0,50.0,2.019454423803862,0.22527287660320056,0.46787430395674473,False,official_study_room_industry_not_unique_verified_study_poi
3110071,한강미주맨션아파트,0.0277624447436743,61,0.0,0.0,0.0,0.0,0.15016049765834494,-0.15016049765834494,False,official_study_room_industry_not_unique_verified_study_poi
3120249,고덕역,0.0923344585743433,572,4.0,4.0,43.32077170062562,1.5110603031259666,0.8402659722138184,0.7691719402202819,True,official_study_room_industry_not_unique_verified_study_poi
3111013,송파나루역 1번(송리단길),0.1913747685030363,577,1.0,1.0,5.225349233977698,0.3744915482617214,0.9549715567227361,-0.26182437616279086,False,official_study_room_industry_not_unique_verified_study_poi
3111015,석촌역 3번,0.2264086744851089,418,2.0,2.0,8.833583803925947,1.033883365296714,0.9080315087504534,0.19058077991765643,False,official_study_room_industry_not_unique_verified_study_poi
3111012,석촌역 6번,0.1206611099897302,262,1.0,1.0,8.287674463504544,0.8247390204084474,0.7050832292024943,-0.011936048642549046,False,official_study_room_industry_not_unique_verified_study_poi
3130138,수유프라자,0.0020636943758129,33,0.0,0.0,0.0,0.0,-0.036788744502348564,0.036788744502348564,False,official_study_room_industry_not_unique_verified_study_poi
3130321,장신구 특화거리 상점가,0.0384575342871928,89,0.0,0.0,0.0,0.0,0.28506826761028026,-0.28506826761028026,False,official_study_room_industry_not_unique_verified_study_poi
3110398,쌍문2동우체국,0.1022404117320179,228,3.0,3.0,29.342604838713807,2.8431792545659635,0.6480702517928594,0.7382241093270312,True,official_study_room_industry_not_unique_verified_study_poi
3110408,가인초등학교,0.0531568296463927,97,0.0,0.0,0.0,0.0,0.35444681322854954,-0.35444681322854954,False,official_study_room_industry_not_unique_verified_study_poi
3110400,도봉구보건소,0.1232053255883899,232,1.0,1.0,8.116532262094308,0.9313863075302294,0.6808489372710703,0.012298243288874966,False,official_study_room_industry_not_unique_verified_study_poi
3111018,풍납초등학교(풍납백제문화공원),0.0270801370482058,45,0.0,0.0,0.0,0.0,0.07863054808078296,-0.07863054808078296,False,official_study_room_industry_not_unique_verified_study_poi
3110514,서대문우체국,0.0918671971736116,55,0.0,0.0,0.0,0.0,0.31218525041693923,-0.31218525041693923,False,official_study_room_industry_not_unique_verified_study_poi
3120232,송파나루역,0.0608645685379562,225,0.0,0.0,0.0,0.0,0.5648497799261868,-0.5648497799261868,False,official_study_room_industry_not_unique_verified_study_poi
3110971,선정릉역 4번,0.1331207011191988,172,1.0,1.0,7.511979666517689,1.2562885078314723,0.6253103468968308,0.06783683366311444,False,official_study_room_industry_not_unique_verified_study_poi
3120103,홍대입구역(홍대),0.4615829428010732,2981,15.0,15.0,32.49686807959994,1.0872943140574298,1.463191530375819,1.3093971918639622,True,official_study_room_industry_not_unique_verified_study_poi
3120230,송파사거리(송파역),0.1022620742735971,441,1.0,1.0,9.778796363200591,0.4899810053220255,0.7972057337263665,-0.10405855316642121,False,official_study_room_industry_not_unique_verified_study_poi
3120239,오금역,0.1515323325741472,519,2.0,2.0,13.198503355852244,0.8326844830328063,0.8948863125656996,0.20372597610241017,False,official_study_room_industry_not_unique_verified_study_poi
3111029,오금역 4번,0.043055293256851,88,0.0,0.0,0.0,0.0,0.3000032698448267,-0.3000032698448267,False,official_study_room_industry_not_unique_verified_study_poi
3111035,오금공원(오주중학교),0.0949674752537834,142,1.0,1.0,10.529920873727356,1.5217015728662904,0.5298881645905585,0.16325901596938674,False,official_study_room_industry_not_unique_verified_study_poi
3111022,석촌중학교(방이육교),0.0804726189266222,80,0.0,0.0,0.0,0.0,0.3753908674164944,-0.3753908674164944,False,official_study_room_industry_not_unique_verified_study_poi
3120153,노량진역(노량진),0.4434975212713991,1625,44.0,44.0,99.21137749284989,5.850825493703743,1.3194964924001988,2.487165997370121,True,official_study_room_industry_not_unique_verified_study_poi
3120102,서교동(홍대),0.2462473499719262,895,5.0,5.0,20.304787038601766,1.2071599069665544,1.093363686068427,0.6983957831596279,True,official_study_room_industry_not_unique_verified_study_poi
3110566,경의선책거리,0.1566273143077063,664,5.0,5.0,31.9229121823357,1.6271206577335333,0.9557707429533178,0.8359887262747372,True,official_study_room_industry_not_unique_verified_study_poi
3110832,노량진초등학교,0.1007824295469508,116,4.0,4.0,39.68945795394373,7.4510904602418355,0.4935804680407876,1.1158574443933127,True,official_study_room_industry_not_unique_verified_study_poi
